Season,Team,Player,Position,Games Started,Completions,Pass Attempts,Passing Yards,Passing TDs,Interceptions,Passing 1D,Success%,Pass Yards/Comp,Pass Yards/Game,QBR
2023,ARI,Kyler Murray,QB,8,176,43.7,1799,10,5,88,43.7,10.2,224.9,89.4
2023,ARI,Joshua Dobbs,QB,8,167,42.0,1569,8,5,82,42.0,9.4,196.1,81.2
2023,ARI,Clayton Tune,QB,1,12,17.9,62,0,2,3,17.9,5.2,8.9,22.6
2023,ATL,Desmond Ridder,QB,13,249,45.3,2836,12,12,136,45.3,11.4,189.1,83.4
2023,ATL,Taylor Heinicke,QB,4,74,40.3,890,5,4,41,40.3,12.0,178.0,74.7
2023,ATL,Logan Woodside,QB,0,3,60.0,27,0,1,3,60.0,9.0,27.0,53.1
2023,ATL,Drake London,WR,16,1,100.0,22,0,0,1,100.0,22.0,1.4,118.7
2023,BAL,Lamar Jackson,QB,16,307,48.2,3678,24,7,167,48.2,12.0,229.9,102.7
2023,BAL,Tyler Huntley,QB,1,21,41.5,203,3,0,13,41.5,9.7,40.6,99.3
2023,BUF,Josh Allen,QB,17,385,50.7,4306,29,18,199,50.7,11.2,253.3,92.2
2023,CAR,Bryce Young,QB,16,315,36.5,2877,11,10,133,36.5,9.1,179.8,73.7
2023,CAR,Andy Dalton,QB,1,34,42.6,361,2,0,17,42.6,10.6,120.3,88.4
2023,CAR,Johnny Hekker,P,0,1,0.0,7,0,0,,0.0,7.0,0.4,95.8
2023,CHI,Justin Fields,QB,13,227,38.4,2562,16,9,121,38.4,11.3,197.1,86.3
2023,CHI,Tyson Bagent,QB,4,94,52.0,859,3,6,48,52.0,9.1,171.8,71.4
2023,CIN,Joe Burrow,QB,10,244,46.0,2309,15,6,115,46.0,9.5,230.9,91.0
2023,CIN,Jake Browning,QB,7,171,48.3,1936,12,7,93,48.3,11.3,215.1,98.4
2023,CIN,A.J. McCarron,QB,0,4,0.0,19,0,0,,0.0,4.8,9.5,82.5
2023,CIN,Ja'Marr Chase,WR,16,1,0.0,-7,0,0,0,0.0,-7.0,-0.4,79.2
2023,CLE,Joe Flacco,QB,5,123,46.7,1616,13,8,60,46.7,13.1,323.2,90.2
2023,CLE,Deshaun Watson,QB,6,105,38.3,1115,7,4,52,38.3,10.6,185.8,84.3
2023,CLE,Dorian Thompson-Robinson,QB,3,60,35.6,440,1,4,26,35.6,7.3,55.0,51.2
2023,CLE,P.J. Walker,QB,2,54,32.8,674,1,5,27,32.8,12.5,112.3,52.2
2023,CLE,Jeff Driskel,QB,1,13,34.5,166,2,2,8,34.5,12.8,166.0,63.9
2023,DAL,Dak Prescott,QB,17,410,51.5,4516,36,9,222,51.5,11.0,265.6,105.9
2023,DAL,Cooper Rush,QB,0,18,52.0,144,0,1,7,52.0,8.0,20.6,72.2
2023,DEN,Russell Wilson,QB,15,297,43.3,3070,26,8,135,43.3,10.3,204.7,98.0
2023,DEN,Jarrett Stidham,QB,2,40,45.2,496,2,1,19,45.2,12.4,165.3,87.7
2023,DET,Jared Goff,QB,17,407,50.9,4575,30,12,227,50.9,11.2,269.1,97.9
2023,DET,Jalen Reeves-Maybin,LB,0,1,100.0,31,0,0,1,100.0,31.0,1.8,118.7
2023,GNB,Jordan Love,QB,17,372,47.6,4159,32,11,209,47.6,11.2,244.6,96.1
2023,GNB,Sean Clifford,QB,0,1,100.0,37,0,0,1,100.0,37.0,18.5,118.7
2023,GNB,Dontayvion Wicks,WR,6,1,100.0,14,0,0,1,100.0,14.0,0.9,118.7
2023,HOU,C.J. Stroud,QB,15,319,46.7,4108,23,5,188,46.7,12.9,273.9,100.8
2023,HOU,Case Keenum,QB,2,34,40.7,291,1,3,14,40.7,8.6,145.5,61.1
2023,HOU,Davis Mills,QB,0,18,36.6,173,2,0,12,36.6,9.6,28.8,76.1
2023,HOU,Devin Singletary,RB,10,1,100.0,6,1,0,1,100.0,6.0,0.4,131.2
2023,IND,Gardner Minshew II,QB,13,305,41.2,3305,15,9,147,41.2,10.8,194.4,84.6
2023,IND,Anthony Richardson,QB,4,50,44.0,577,3,1,31,44.0,11.5,144.3,87.3
2023,JAX,Trevor Lawrence,QB,16,370,46.4,4016,21,14,179,46.4,10.9,251.0,88.5
2023,JAX,C.J. Beathard,QB,1,40,47.5,349,1,0,19,47.5,8.7,49.9,98.7
2023,JAX,Christian Kirk,WR,12,1,0.0,-1,0,0,0,0.0,-1.0,-0.1,56.2
2023,JAX,Logan Cooke,P,0,1,100.0,13,0,0,1,100.0,13.0,0.8,118.7
2023,KAN,Patrick Mahomes,QB,16,401,48.2,4183,27,14,206,48.2,10.4,261.4,92.6
2023,KAN,Blaine Gabbert,QB,1,18,30.6,185,0,3,8,30.6,10.3,92.5,31.2
2023,KAN,Jerick McKinnon,RB,0,1,100.0,4,1,0,1,100.0,4.0,0.3,122.9
2023,KAN,Tommy Townsend,P,0,1,100.0,11,0,0,1,100.0,11.0,0.6,112.5
2023,LAC,Justin Herbert,QB,13,297,46.2,3134,20,7,150,46.2,10.6,241.1,93.2
2023,LAC,Easton Stick,QB,4,111,43.1,1129,3,1,53,43.1,10.2,225.8,85.6
2023,LAC,Keenan Allen,WR,13,1,50.0,49,1,0,1,50.0,49.0,3.8,135.4
2023,LAR,Matthew Stafford,QB,15,326,47.5,3965,24,11,187,47.5,12.2,264.3,92.5
2023,LAR,Brett Rypien,QB,1,18,25.0,172,0,1,8,25.0,9.6,86.0,49.5
2023,LAR,Carson Wentz,QB,1,17,57.7,163,2,1,11,57.7,9.6,81.5,99.8
2023,LVR,Aidan O'Connell,QB,10,213,43.6,2218,12,7,107,43.6,10.4,201.6,83.9
2023,LVR,Jimmy Garoppolo,QB,6,110,47.5,1205,7,9,60,47.5,11.0,172.1,77.7
2023,LVR,Brian Hoyer,QB,1,23,44.2,231,0,2,14,44.2,10.0,77.0,50.8
2023,LVR,Jakobi Meyers,WR,16,2,66.7,12,1,0,1,66.7,6.0,0.8,113.9
2023,MIA,Tua Tagovailoa,QB,17,388,50.8,4624,29,14,222,50.8,11.9,272.0,101.1
2023,MIA,Mike White,QB,0,5,16.7,74,1,1,1,16.7,14.8,12.3,118.1
2023,MIN,Kirk Cousins,QB,8,216,46.6,2331,18,5,112,46.6,10.8,291.4,103.8
2023,MIN,Joshua Dobbs,QB,4,95,40.9,895,5,5,44,40.9,9.4,179.0,76.4
2023,MIN,Nick Mullens,QB,3,100,47.5,1306,7,8,57,47.5,13.1,261.2,88.4
2023,MIN,Jaren Hall,QB,2,13,37.5,168,0,1,7,37.5,12.9,56.0,70.4
2023,NOR,Derek Carr,QB,17,375,46.8,3878,25,8,185,46.8,10.3,228.1,97.7
2023,NOR,Jameis Winston,QB,0,25,32.7,264,2,3,10,32.7,10.6,37.7,57.4
2023,NOR,Taysom Hill,QB,7,6,46.2,83,1,0,4,46.2,13.8,5.2,109.3
2023,NWE,Mac Jones,QB,11,224,43.3,2120,10,12,100,43.3,9.5,192.7,77.0
2023,NWE,Bailey Zappe,QB,6,127,34.2,1272,6,9,53,34.2,10.0,127.2,68.7
2023,NYG,Tyrod Taylor,QB,5,116,43.7,1341,5,3,52,43.7,11.6,121.9,89.1
2023,NYG,Tommy DeVito,QB,6,114,32.1,1101,8,3,46,32.1,9.7,122.3,89.2
2023,NYG,Daniel Jones,QB,6,108,37.4,909,2,6,43,37.4,8.4,151.5,70.5
2023,NYJ,Zach Wilson,QB,11,221,36.5,2271,8,7,104,36.5,10.3,189.3,77.2
2023,NYJ,Trevor Siemian,QB,3,86,34.2,724,2,4,35,34.2,8.4,144.8,62.1
2023,NYJ,Tim Boyle,QB,2,48,29.1,360,1,4,16,29.1,7.5,120.0,56.2
2023,NYJ,Thomas Morstead,P,0,1,100.0,18,0,0,1,100.0,18.0,1.1,118.7
2023,PHI,Jalen Hurts,QB,17,352,46.7,3858,23,15,185,46.7,11.0,226.9,89.1
2023,PHI,Marcus Mariota,QB,0,15,53.8,164,1,1,10,53.8,10.9,54.7,82.5
2023,PHI,Kenneth Gainwell,RB,2,1,100.0,17,0,0,1,100.0,17.0,1.1,118.7
2023,PHI,Braden Mann,P,0,1,100.0,28,0,0,1,100.0,28.0,1.9,118.7
2023,PIT,Kenny Pickett,QB,12,201,40.3,2070,6,4,91,40.3,10.3,172.5,81.4
2023,PIT,Mitchell Trubisky,QB,2,67,50.0,632,4,5,36,50.0,9.4,126.4,71.9
2023,PIT,Mason Rudolph,QB,3,55,47.5,719,3,0,26,47.5,13.1,179.8,118.0
2023,SEA,Geno Smith,QB,15,323,47.2,3624,20,9,169,47.2,11.2,241.6,92.1
2023,SEA,Drew Lock,QB,2,48,40.2,543,3,3,20,40.2,11.3,135.8,81.2
2023,SFO,Brock Purdy,QB,16,308,54.7,4280,31,11,192,54.7,13.9,267.5,113.0
2023,SFO,Sam Darnold,QB,1,28,46.2,297,2,1,15,46.2,10.6,29.7,85.1
2023,TAM,Baker Mayfield,QB,17,364,44.7,4044,28,10,188,44.7,11.1,237.9,94.6
2023,TEN,Will Levis,QB,9,149,37.1,1808,8,4,81,37.1,12.1,200.9,84.2
2023,TEN,Ryan Tannehill,QB,8,149,40.8,1616,4,7,74,40.8,10.8,161.6,78.5
2023,TEN,Malik Willis,QB,0,4,44.4,74,0,0,1,44.4,18.5,24.7,118.7
2023,TEN,Derrick Henry,RB,17,2,66.7,14,2,0,2,66.7,7.0,0.8,116.7
2023,WAS,Sam Howell,QB,17,388,42.7,3946,21,21,180,42.7,10.2,232.1,78.9
2023,WAS,Jacoby Brissett,QB,0,18,56.5,224,3,0,10,56.5,12.4,74.7,146.8
2023,WAS,Dyami Brown,WR,1,1,0.0,4,0,0,0,0.0,4.0,0.2,83.3
2022,ARI,Kyler Murray,QB,11,259,45.1,2368,14,7,119,45.1,9.1,215.3,87.2
2022,ARI,Colt McCoy,QB,3,90,39.3,780,1,3,34,39.3,8.7,195.0,76.6
2022,ARI,Trace McSorley,QB,1,45,29.1,412,0,5,17,29.1,9.2,68.7,42.8
2022,ARI,David Blough,QB,2,38,36.5,402,2,2,18,36.5,10.6,201.0,82.7
2022,ARI,Andy Lee,P,0,1,100.0,4,0,0,1,100.0,4.0,0.2,83.3
2022,ATL,Marcus Mariota,QB,13,184,45.1,2219,15,9,111,45.1,12.1,170.7,88.2
2022,ATL,Desmond Ridder,QB,4,73,43.5,708,2,0,37,43.5,9.7,177.0,86.4
2022,BAL,Lamar Jackson,QB,12,203,44.6,2242,17,7,105,44.6,11.0,186.8,91.1
2022,BAL,Tyler Huntley,QB,4,75,42.9,658,2,3,31,42.9,8.8,109.7,77.2
2022,BAL,Anthony Brown,QB,1,22,31.5,302,0,2,13,31.5,13.7,151.0,48.2
2022,BUF,Josh Allen,QB,16,359,52.2,4283,35,14,214,52.2,11.9,267.7,96.6
2022,BUF,Case Keenum,QB,0,2,0.0,8,0,0,,0.0,4.0,4.0,39.6
2022,CAR,Baker Mayfield,QB,6,119,36.0,1313,6,6,49,36.0,11.0,187.6,74.4
2022,CAR,Sam Darnold,QB,6,82,44.0,1143,7,3,57,44.0,13.9,190.5,92.6
2022,CAR,P.J. Walker,QB,5,63,35.4,731,3,3,30,35.4,11.6,121.8,78.0
2022,CAR,Jacob Eason,QB,0,3,60.0,59,0,1,2,60.0,19.7,59.0,61.7
2022,CHI,Justin Fields,QB,15,192,36.7,2242,17,11,91,36.7,11.7,149.5,85.2
2022,CHI,Trevor Siemian,QB,1,15,39.3,184,1,1,7,39.3,12.3,92.0,76.4
2022,CHI,Nathan Peterman,QB,1,14,38.5,139,1,1,9,38.5,9.9,46.3,68.6
2022,CHI,Tim Boyle,QB,0,2,25.0,33,0,2,2,25.0,16.5,33.0,4.7
2022,CIN,Joe Burrow,QB,16,414,50.1,4475,35,12,222,50.1,10.8,279.7,100.8
2022,CIN,Brandon Allen,QB,0,3,25.0,22,0,0,1,25.0,7.3,22.0,97.2
2022,CIN,Tyler Boyd,WR,14,1,50.0,23,0,0,1,50.0,23.0,1.4,118.7
2022,CLE,Jacoby Brissett,QB,11,236,44.5,2608,12,6,129,44.5,11.1,163.0,88.9
2022,CLE,Deshaun Watson,QB,6,99,41.6,1102,7,5,53,41.6,11.1,183.7,79.1
2022,DAL,Dak Prescott,QB,12,261,51.7,2860,23,15,142,51.7,11.0,238.3,91.1
2022,DAL,Cooper Rush,QB,5,94,38.5,1051,5,3,52,38.5,11.2,116.8,80.0
2022,DEN,Russell Wilson,QB,15,292,36.2,3524,16,11,142,36.2,12.1,234.9,84.4
2022,DEN,Brett Rypien,QB,2,53,41.7,483,2,4,24,41.7,9.1,120.8,63.8
2022,DET,Jared Goff,QB,17,382,50.3,4438,29,7,227,50.3,11.6,261.1,99.3
2022,DET,Jack Fox,P,0,1,100.0,6,0,0,1,100.0,6.0,0.4,91.7
2022,GNB,Aaron Rodgers,QB,17,350,45.1,3695,26,12,177,45.1,10.6,217.4,91.1
2022,GNB,Jordan Love,QB,0,14,57.1,195,1,0,9,57.1,13.9,48.8,112.2
2022,HOU,Davis Mills,QB,15,292,40.0,3118,17,15,135,40.0,10.7,207.9,78.8
2022,HOU,Kyle Allen,QB,2,46,33.7,416,2,4,19,33.7,9.0,208.0,60.6
2022,HOU,Jeff Driskel,QB,2,14,40.9,108,1,0,5,40.9,7.7,15.4,99.6
2022,IND,Matt Ryan,QB,12,309,44.9,3057,14,13,156,44.9,9.9,254.8,83.9
2022,IND,Sam Ehlinger,QB,3,64,40.9,573,3,3,28,40.9,9.0,143.3,76.1
2022,IND,Nick Foles,QB,2,25,30.0,224,0,4,9,30.0,9.0,74.7,34.3
2022,JAX,Trevor Lawrence,QB,17,387,48.1,4113,25,8,206,48.1,10.6,241.9,95.2
2022,JAX,C.J. Beathard,QB,0,7,33.3,35,0,1,2,33.3,5.0,8.8,30.5
2022,KAN,Patrick Mahomes,QB,17,435,54.6,5250,41,12,272,54.6,12.1,308.8,105.2
2022,LAC,Justin Herbert,QB,17,477,46.3,4739,25,10,228,46.3,9.9,278.8,93.2
2022,LAC,Chase Daniel,QB,0,8,46.2,52,1,0,4,46.2,6.5,13.0,103.5
2022,LAR,Matthew Stafford,QB,9,206,49.7,2087,10,8,105,49.7,10.1,231.9,87.4
2022,LAR,Baker Mayfield,QB,4,82,41.1,850,4,2,45,41.1,10.4,170.0,86.4
2022,LAR,John Wolford,QB,3,38,43.5,390,1,3,19,43.5,10.3,130.0,64.6
2022,LAR,Bryce Perkins,QB,1,19,32.5,161,1,2,10,32.5,8.5,32.2,53.7
2022,LAR,Riley Dixon,P,0,2,100.0,18,0,0,2,100.0,9.0,1.1,104.2
2022,LVR,Derek Carr,QB,15,305,42.3,3522,24,14,161,42.3,11.5,234.8,86.3
2022,LVR,Jarrett Stidham,QB,2,53,43.3,656,4,3,32,43.3,12.4,131.2,89.2
2022,LVR,Mack Hollins,WR,16,1,0.0,4,0,0,0,0.0,4.0,0.2,83.3
2022,MIA,Tua Tagovailoa,QB,13,259,49.9,3548,25,8,162,49.9,13.7,272.9,105.5
2022,MIA,Skylar Thompson,QB,2,60,36.0,534,1,3,26,36.0,8.9,76.3,62.2
2022,MIA,Teddy Bridgewater,QB,2,49,45.3,683,4,4,32,45.3,13.9,136.6,85.6
2022,MIN,Kirk Cousins,QB,17,424,46.3,4547,29,14,230,46.3,10.7,267.5,92.5
2022,MIN,Nick Mullens,QB,0,21,76.0,224,1,1,11,76.0,10.7,56.0,100.7
2022,MIN,Justin Jefferson,WR,17,2,100.0,34,0,0,2,100.0,17.0,2.0,118.7
2022,MIN,Ryan Wright,P,0,1,50.0,13,0,0,1,50.0,13.0,0.8,70.8
2022,NOR,Andy Dalton,QB,14,252,48.9,2871,18,9,135,48.9,11.4,205.1,95.2
2022,NOR,Jameis Winston,QB,3,73,43.7,858,4,5,35,43.7,11.8,286.0,79.5
2022,NOR,Taysom Hill,TE/QB,8,13,57.1,240,2,0,11,57.1,18.5,15.0,146.3
2022,NWE,Mac Jones,QB,14,288,41.4,2997,14,11,127,41.4,10.4,214.1,84.8
2022,NWE,Bailey Zappe,QB,2,65,50.0,781,5,3,37,50.0,12.0,195.3,100.9
2022,NWE,Brian Hoyer,QB,1,5,42.9,37,0,0,2,42.9,7.4,37.0,92.4
2022,NYG,Daniel Jones,QB,16,317,45.7,3205,15,5,156,45.7,10.1,200.3,92.5
2022,NYG,Davis Webb,QB,1,23,35.0,168,1,0,11,35.0,7.3,168.0,75.8
2022,NYG,Tyrod Taylor,QB,0,6,45.5,58,1,1,3,45.5,9.7,19.3,94.8
2022,NYJ,Zach Wilson,QB,9,132,37.7,1688,6,7,73,37.7,12.8,187.6,72.8
2022,NYJ,Joe Flacco,QB,4,110,39.3,1051,5,3,55,39.3,9.6,210.2,75.2
2022,NYJ,Mike White,QB,4,103,41.3,1192,3,4,56,41.3,11.6,298.0,75.7
2022,NYJ,Chris Streveler,QB,1,10,53.3,90,0,0,5,53.3,9.0,45.0,82.6
2022,NYJ,Braden Mann,P,0,1,50.0,17,0,0,1,50.0,17.0,1.0,79.2
2022,NYJ,Braxton Berrios,WR,2,1,100.0,2,1,0,1,100.0,2.0,0.1,118.7
2022,PHI,Jalen Hurts,QB,15,306,46.4,3701,22,6,165,46.4,12.1,246.7,101.5
2022,PHI,Gardner Minshew II,QB,2,44,43.9,663,3,3,30,43.9,15.1,132.6,83.4
2022,PIT,Kenny Pickett,QB,12,245,44.0,2404,7,9,123,44.0,9.8,184.9,76.7
2022,PIT,Mitchell Trubisky,QB,5,117,45.5,1252,4,5,65,45.5,10.7,178.9,81.1
2022,PIT,Chase Claypool,WR,8,1,100.0,1,1,0,1,100.0,1.0,0.1,118.7
2022,PIT,Najee Harris,RB,17,1,100.0,4,0,0,0,100.0,4.0,0.2,83.3
2022,SEA,Geno Smith,QB,17,399,48.2,4282,30,11,206,48.2,10.7,251.9,100.9
2022,SFO,Jimmy Garoppolo,QB,10,207,53.1,2437,16,4,114,53.1,11.8,221.5,103.0
2022,SFO,Brock Purdy,QB,5,114,50.3,1374,13,4,66,50.3,12.1,152.7,107.3
2022,SFO,Trey Lance,QB,2,15,33.3,194,0,1,6,33.3,12.9,97.0,55.0
2022,SFO,Josh Johnson,QB,0,1,50.0,10,0,0,1,50.0,10.0,5.0,64.6
2022,SFO,Christian McCaffrey,RB,10,1,100.0,34,1,0,1,100.0,34.0,3.1,158.3
2022,TAM,Tom Brady,QB,17,490,49.5,4694,25,9,237,49.5,9.6,276.1,90.7
2022,TAM,Kyle Trask,QB,0,3,22.2,23,0,0,1,22.2,7.7,23.0,42.4
2022,TAM,Blaine Gabbert,QB,0,6,37.5,29,1,0,2,37.5,4.8,29.0,119.3
2022,TEN,Ryan Tannehill,QB,12,212,45.3,2536,13,6,116,45.3,12.0,211.3,94.6
2022,TEN,Joshua Dobbs,QB,2,40,39.2,411,2,2,25,39.2,10.3,205.5,73.8
2022,TEN,Malik Willis,QB,3,31,29.6,276,0,3,11,29.6,8.9,34.5,42.8
2022,TEN,Derrick Henry,RB,16,2,50.0,4,1,0,1,50.0,2.0,0.3,118.7
2022,WAS,Carson Wentz,QB,7,172,42.4,1755,11,9,85,42.4,10.2,219.4,80.2
2022,WAS,Taylor Heinicke,QB,9,161,43.2,1859,12,6,93,43.2,11.5,206.6,89.6
2022,WAS,Sam Howell,QB,1,11,27.3,169,1,1,6,27.3,15.4,169.0,83.0
2021,ARI,Kyler Murray,QB,14,333,49.6,3787,24,10,172,49.6,11.4,270.5,100.6
2021,ARI,Colt McCoy,QB,3,74,51.4,740,3,1,39,51.4,10.0,92.5,101.4
2021,ARI,Chris Streveler,QB,0,6,36.4,36,0,0,1,36.4,6.0,18.0,74.3
2021,ARI,Chris Banjo,DB,0,1,100.0,23,0,0,1,100.0,23.0,1.4,118.7
2021,ARI,Christian Kirk,WR,11,1,100.0,33,0,0,1,100.0,33.0,1.9,118.7
2021,ATL,Matt Ryan,QB,17,375,46.0,3968,20,12,195,46.0,10.6,233.4,90.4
2021,ATL,Josh Rosen,QB,0,2,18.2,19,0,2,1,18.2,9.5,4.8,0.0
2021,BAL,Lamar Jackson,QB,12,246,46.9,2882,16,13,135,46.9,11.7,240.2,87.0
2021,BAL,Tyler Huntley,QB,4,122,41.3,1081,3,4,55,41.3,8.9,154.4,76.6
2021,BAL,Josh Johnson,QB,1,28,63.4,304,2,1,19,63.4,10.9,304.0,98.3
2021,BUF,Josh Allen,QB,17,409,49.4,4407,36,15,234,49.4,10.8,259.2,92.2
2021,BUF,Mitchell Trubisky,QB,0,6,50.0,43,0,1,2,50.0,7.2,7.2,47.4
2021,CAR,Sam Darnold,QB,11,243,41.0,2527,9,13,123,41.0,10.4,210.6,71.9
2021,CAR,Cam Newton,QB,5,69,39.0,684,4,5,32,39.0,9.9,85.5,64.4
2021,CAR,P.J. Walker,QB,1,36,35.6,362,1,3,19,35.6,10.1,72.4,56.5
2021,CHI,Justin Fields,QB,10,159,38.2,1870,7,10,83,38.2,11.8,155.8,73.2
2021,CHI,Andy Dalton,QB,6,149,42.9,1515,8,9,83,42.9,10.2,189.4,76.9
2021,CHI,Nick Foles,QB,1,24,46.2,250,1,0,14,46.2,10.4,250.0,98.5
2021,CIN,Joe Burrow,QB,16,366,47.6,4611,34,14,202,47.6,12.6,288.2,108.3
2021,CIN,Brandon Allen,QB,1,17,21.1,149,2,0,5,21.1,8.8,24.8,81.6
2021,CIN,Tyler Boyd,WR,10,1,100.0,46,0,0,1,100.0,46.0,2.9,118.7
2021,CLE,Baker Mayfield,QB,14,253,44.3,3010,17,13,143,44.3,11.9,215.0,83.1
2021,CLE,Case Keenum,QB,2,47,49.4,462,3,1,25,49.4,9.8,66.0,91.3
2021,CLE,Nick Mullens,QB,1,20,40.0,147,1,0,9,40.0,7.4,147.0,89.2
2021,DAL,Dak Prescott,QB,16,410,51.4,4449,37,10,227,51.4,10.9,278.1,104.2
2021,DAL,Cooper Rush,QB,1,30,40.0,422,3,1,18,40.0,14.1,84.4,105.1
2021,DAL,Cedrick Wilson Jr.,WR,4,3,100.0,88,0,0,3,100.0,29.3,5.5,118.7
2021,DAL,Ezekiel Elliott,RB,17,1,100.0,4,0,0,0,100.0,4.0,0.2,83.3
2021,DEN,Teddy Bridgewater,QB,14,285,46.0,3052,18,7,146,46.0,10.7,218.0,94.9
2021,DEN,Drew Lock,QB,3,67,36.7,787,2,2,32,36.7,11.7,131.2,80.4
2021,DEN,Kendall Hinton,WR,1,1,0.0,1,0,0,0,0.0,1.0,0.1,79.2
2021,DEN,Courtland Sutton,WR,16,1,100.0,16,0,0,1,100.0,16.0,0.9,118.7
2021,DET,Jared Goff,QB,14,332,46.9,3245,19,8,162,46.9,9.8,231.8,91.5
2021,DET,Tim Boyle,QB,3,61,44.7,526,3,6,28,44.7,8.6,105.2,63.5
2021,DET,Jack Fox,P,0,2,66.7,38,0,0,2,66.7,19.0,2.2,109.7
2021,DET,Tom Kennedy,WR,0,1,100.0,75,1,0,1,100.0,75.0,6.3,158.3
2021,GNB,Aaron Rodgers,QB,16,366,50.6,4115,37,4,213,50.6,11.2,257.2,111.9
2021,GNB,Jordan Love,QB,1,36,38.5,411,2,3,22,38.5,11.4,68.5,68.7
2021,HOU,Davis Mills,QB,11,263,44.0,2664,16,10,118,44.0,10.1,204.9,88.8
2021,HOU,Tyrod Taylor,QB,6,91,44.8,966,5,5,44,44.8,10.6,161.0,76.7
2021,IND,Carson Wentz,QB,17,322,44.0,3563,27,7,165,44.0,11.1,209.6,94.6
2021,IND,Jacob Eason,QB,0,2,40.0,25,0,1,2,40.0,12.5,25.0,16.7
2021,JAX,Trevor Lawrence,QB,17,359,44.6,3641,12,17,177,44.6,10.1,214.2,71.9
2021,JAX,C.J. Beathard,QB,0,2,50.0,33,0,0,1,50.0,16.5,16.5,118.7
2021,KAN,Patrick Mahomes,QB,17,436,53.2,4839,37,13,260,53.2,11.1,284.6,98.5
2021,KAN,Chad Henne,QB,0,11,62.5,82,0,0,6,62.5,7.5,20.5,80.7
2021,KAN,Tommy Townsend,P,0,1,100.0,16,0,0,1,100.0,16.0,1.0,118.7
2021,LAC,Justin Herbert,QB,17,443,51.1,5014,38,15,256,51.1,11.3,294.9,97.7
2021,LAR,Matthew Stafford,QB,17,404,52.6,4886,41,17,233,52.6,12.1,287.4,102.9
2021,LAR,John Wolford,QB,0,1,0.0,5,0,1,,0.0,5.0,1.7,0.0
2021,LAR,Johnny Hekker,P,0,1,0.0,2,0,0,,0.0,2.0,0.1,79.2
2021,LVR,Derek Carr,QB,17,428,49.7,4804,23,14,217,49.7,11.2,282.6,94.0
2021,LVR,Marcus Mariota,QB,0,1,50.0,4,0,0,0,50.0,4.0,0.4,56.2
2021,MIA,Tua Tagovailoa,QB,12,263,50.2,2653,16,10,137,50.2,10.1,204.1,90.1
2021,MIA,Jacoby Brissett,QB,5,141,46.3,1283,5,4,69,46.3,9.1,116.6,78.1
2021,MIN,Kirk Cousins,QB,16,372,46.2,4221,33,7,192,46.2,11.3,263.8,103.1
2021,MIN,Sean Mannion,QB,1,22,31.6,189,1,0,8,31.6,8.6,189.0,84.1
2021,MIN,Justin Jefferson,WR,17,2,50.0,35,0,0,2,50.0,17.5,2.1,80.2
2021,MIN,Kellen Mond,QB,0,2,33.3,5,0,0,,33.3,2.5,5.0,70.1
2021,NOR,Trevor Siemian,QB,4,108,41.1,1154,11,3,61,41.1,10.7,192.3,88.4
2021,NOR,Jameis Winston,QB,7,95,44.8,1170,14,3,56,44.8,12.3,167.1,102.8
2021,NOR,Taysom Hill,QB,9,78,42.0,978,4,5,43,42.0,12.5,81.5,75.4
2021,NOR,Ian Book,QB,1,12,28.6,135,0,2,5,28.6,11.3,135.0,40.6
2021,NWE,Mac Jones,QB,17,352,49.0,3801,22,13,177,49.0,10.8,223.6,92.5
2021,NWE,Brian Hoyer,QB,0,9,81.8,227,1,0,8,81.8,25.2,45.4,149.1
2021,NWE,Jakobi Meyers,WR,16,2,50.0,45,0,0,1,50.0,22.5,2.6,118.7
2021,NWE,Kendrick Bourne,WR,5,1,100.0,25,1,0,1,100.0,25.0,1.5,158.3
2021,NYG,Daniel Jones,QB,11,232,43.9,2428,10,7,116,43.9,10.5,220.7,84.8
2021,NYG,Mike Glennon,QB,4,90,33.0,790,4,10,43,33.0,8.8,131.7,49.7
2021,NYG,Jake Fromm,QB,2,27,27.3,210,1,3,10,27.3,7.8,70.0,38.9
2021,NYG,Kadarius Toney,WR,4,1,25.0,19,0,0,1,25.0,19.0,1.9,56.2
2021,NYG,Dante Pettis,WR,0,1,100.0,16,0,0,1,100.0,16.0,5.3,118.7
2021,NYJ,Zach Wilson,QB,13,213,37.0,2334,9,11,112,37.0,11.0,179.5,69.7
2021,NYJ,Mike White,QB,3,88,53.7,953,5,8,49,53.7,10.8,238.3,75.1
2021,NYJ,Josh Johnson,QB,0,29,48.9,334,3,1,20,48.9,11.5,111.3,99.7
2021,NYJ,Joe Flacco,QB,1,27,56.8,338,3,0,14,56.8,12.5,169.0,113.0
2021,PHI,Jalen Hurts,QB,15,265,43.9,3144,16,9,143,43.9,11.9,209.6,87.2
2021,PHI,Gardner Minshew II,QB,2,41,46.2,439,4,1,24,46.2,10.7,109.8,104.8
2021,PHI,Greg Ward,WR,0,1,0.0,2,0,0,0,0.0,2.0,0.1,56.2
2021,PIT,Ben Roethlisberger,QB,16,390,42.6,3740,22,10,188,42.6,9.6,233.8,86.8
2021,PIT,Mason Rudolph,QB,1,35,41.4,277,1,1,16,41.4,7.9,138.5,70.8
2021,SEA,Russell Wilson,QB,14,259,44.6,3113,25,6,135,44.6,12.0,222.4,103.1
2021,SEA,Geno Smith,QB,3,65,44.4,702,5,1,31,44.4,10.8,175.5,103.0
2021,SFO,Jimmy Garoppolo,QB,15,301,50.4,3810,20,12,172,50.4,12.7,254.0,98.7
2021,SFO,Trey Lance,QB,2,41,38.7,603,5,2,27,38.7,14.7,100.5,97.3
2021,SFO,Deebo Samuel,WR,15,1,50.0,24,1,0,1,50.0,24.0,1.5,133.3
2021,TAM,Tom Brady,QB,17,485,52.6,5316,43,12,269,52.6,11.0,312.7,102.1
2021,TAM,Blaine Gabbert,QB,0,7,41.7,67,0,0,4,41.7,9.6,11.2,80.5
2021,TEN,Ryan Tannehill,QB,17,357,46.2,3734,21,14,192,46.2,10.5,219.6,89.6
2021,TEN,Matthias Farley,DB,0,1,100.0,6,0,0,1,100.0,6.0,0.4,91.7
2021,TEN,Derrick Henry,RB,8,1,100.0,5,1,0,1,100.0,5.0,0.6,127.1
2021,WAS,Taylor Heinicke,QB,15,321,44.9,3419,20,15,167,44.9,10.7,213.7,85.9
2021,WAS,Garrett Gilbert,QB,1,20,42.4,194,0,0,8,42.4,9.7,194.0,81.9
2021,WAS,Kyle Allen,QB,0,12,42.9,120,1,0,6,42.9,10.0,60.0,98.6
2021,WAS,Ryan Fitzpatrick,QB,1,3,14.3,13,0,0,,14.3,4.3,13.0,56.2
2020,ARI,Kyler Murray,QB,16,375,48.9,3971,26,12,205,48.9,10.6,248.2,94.3
2020,ARI,Chris Streveler,QB,0,11,33.3,105,1,1,5,33.3,9.5,21.0,81.5
2020,ARI,Andy Lee,P,0,1,0.0,26,0,0,1,0.0,26.0,1.6,118.7
2020,ATL,Matt Ryan,QB,16,407,47.8,4581,26,11,242,47.8,11.3,286.3,93.3
2020,ATL,Russell Gage,WR,8,1,50.0,39,1,0,1,50.0,39.0,2.4,135.4
2020,BAL,Lamar Jackson,QB,15,242,46.2,2757,26,9,138,46.2,11.4,183.8,99.3
2020,BAL,Robert Griffin III,QB,1,8,23.5,42,0,2,1,23.5,5.3,10.5,22.6
2020,BAL,Trace McSorley,QB,0,3,20.0,90,1,0,2,20.0,30.0,45.0,97.9
2020,BAL,Tyler Huntley,QB,0,3,20.0,15,0,0,0,20.0,5.0,7.5,64.6
2020,BAL,Sam Koch,P,0,1,0.0,15,0,0,1,0.0,15.0,1.0,118.7
2020,BUF,Josh Allen,QB,16,396,56.5,4544,37,10,228,56.5,11.5,284.0,107.2
2020,BUF,Matt Barkley,QB,0,11,40.9,197,1,1,9,40.9,17.9,39.4,80.9
2020,BUF,Cole Beasley,WR,10,1,100.0,20,1,0,1,100.0,20.0,1.3,158.3
2020,BUF,Jaquan Johnson,DB,0,1,0.0,13,0,0,1,0.0,13.0,0.9,118.7
2020,BUF,Isaiah McKenzie,WR,7,1,100.0,12,1,0,1,100.0,12.0,0.8,156.2
2020,CAR,Teddy Bridgewater,QB,15,340,46.1,3733,15,11,174,46.1,11.0,248.9,92.1
2020,CAR,P.J. Walker,QB,1,32,36.7,368,1,5,17,36.7,11.5,92.0,45.8
2020,CAR,Joseph Charlton,P,0,1,0.0,28,0,0,1,0.0,28.0,1.8,118.7
2020,CHI,Nick Foles,QB,7,202,43.9,1852,10,8,93,43.9,9.2,205.8,80.8
2020,CHI,Mitchell Trubisky,QB,9,199,53.7,2055,16,8,124,53.7,10.3,205.5,93.5
2020,CHI,Tyler Bray,QB,0,1,20.0,18,0,0,1,20.0,18.0,18.0,42.1
2020,CIN,Joe Burrow,QB,10,264,47.2,2688,13,5,150,47.2,10.2,268.8,89.8
2020,CIN,Brandon Allen,QB,5,90,45.6,925,5,4,42,45.6,10.3,185.0,82.0
2020,CIN,Ryan Finley,QB,1,17,24.4,164,1,2,8,24.4,9.6,32.8,52.1
2020,CIN,Tyler Boyd,WR,8,1,50.0,16,0,0,1,50.0,16.0,1.1,77.1
2020,CLE,Baker Mayfield,QB,16,305,49.4,3563,26,8,188,49.4,11.7,222.7,95.9
2020,CLE,Case Keenum,QB,0,5,40.0,46,0,0,2,40.0,9.2,23.0,62.9
2020,CLE,Jarvis Landry,WR,14,4,100.0,74,1,0,4,100.0,18.5,4.9,158.3
2020,CLE,Odell Beckham Jr.,WR,7,1,100.0,18,0,0,1,100.0,18.0,2.6,118.7
2020,DAL,Andy Dalton,QB,9,216,48.2,2170,14,8,116,48.2,10.0,197.3,87.3
2020,DAL,Dak Prescott,QB,5,151,56.0,1856,9,4,93,56.0,12.3,371.2,99.6
2020,DAL,Ben DiNucci,QB,1,23,34.0,219,0,0,11,34.0,9.5,73.0,67.9
2020,DAL,Garrett Gilbert,QB,1,21,42.5,243,1,1,10,42.5,11.6,243.0,72.6
2020,DAL,Cedrick Wilson Jr.,WR,0,2,50.0,23,1,0,1,50.0,11.5,1.4,154.2
2020,DEN,Drew Lock,QB,13,254,41.1,2933,16,15,145,41.1,11.5,225.6,75.4
2020,DEN,Jeff Driskel,QB,1,35,33.3,432,3,2,18,33.3,12.3,144.0,78.4
2020,DEN,Brett Rypien,QB,1,27,48.8,295,2,4,12,48.8,10.9,98.3,66.1
2020,DEN,Kendall Hinton,WR,0,1,10.0,13,0,2,1,10.0,13.0,13.0,0.0
2020,DET,Matthew Stafford,QB,16,339,47.9,4084,26,10,205,47.9,12.0,255.3,96.3
2020,DET,Chase Daniel,QB,0,29,45.7,264,1,2,14,45.7,9.1,66.0,72.2
2020,DET,David Blough,QB,0,6,27.3,49,0,1,1,27.3,8.2,49.0,32.9
2020,GNB,Aaron Rodgers,QB,16,372,55.3,4299,48,5,216,55.3,11.6,268.7,121.5
2020,HOU,Deshaun Watson,QB,16,382,54.5,4823,33,7,221,54.5,12.6,301.4,112.4
2020,HOU,A.J. McCarron,QB,0,1,0.0,20,0,0,1,0.0,20.0,10.0,118.7
2020,IND,Philip Rivers,QB,16,369,51.1,4169,24,11,200,51.1,11.3,260.6,97.0
2020,IND,Jacoby Brissett,QB,0,2,10.0,17,0,0,1,10.0,8.5,1.5,39.6
2020,JAX,Gardner Minshew II,QB,8,216,48.0,2259,16,5,117,48.0,10.5,251.0,95.9
2020,JAX,Mike Glennon,QB,5,111,43.1,1072,7,5,57,43.1,9.7,214.4,80.1
2020,JAX,Jake Luton,QB,3,60,41.0,624,2,6,31,41.0,10.4,208.0,54.5
2020,KAN,Patrick Mahomes,QB,15,390,54.1,4740,38,6,238,54.1,12.2,316.0,108.2
2020,KAN,Chad Henne,QB,1,28,50.0,248,2,0,15,50.0,8.9,82.7,108.2
2020,KAN,Travis Kelce,TE,15,1,50.0,4,0,0,1,50.0,4.0,0.3,56.2
2020,KAN,Tommy Townsend,P,0,1,0.0,13,0,0,1,0.0,13.0,0.8,118.7
2020,LAC,Justin Herbert,QB,15,396,47.8,4336,31,10,216,47.8,10.9,289.1,98.3
2020,LAC,Tyrod Taylor,QB,1,16,37.5,208,0,0,10,37.5,13.0,104.0,75.4
2020,LAC,Easton Stick,QB,0,1,100.0,4,0,0,,100.0,4.0,4.0,83.3
2020,LAR,Jared Goff,QB,15,370,51.8,3952,20,13,194,51.8,10.7,263.5,90.0
2020,LAR,John Wolford,QB,1,22,35.0,231,0,1,12,35.0,10.5,231.0,64.7
2020,LVR,Derek Carr,QB,16,348,50.6,4103,27,9,192,50.6,11.8,256.4,101.4
2020,LVR,Marcus Mariota,QB,0,17,46.4,226,1,1,11,46.4,13.3,226.0,83.3
2020,LVR,Nathan Peterman,QB,0,3,28.6,25,0,0,1,28.6,8.3,25.0,72.9
2020,LVR,Zay Jones,WR,2,1,100.0,29,0,0,1,100.0,29.0,1.8,118.7
2020,MIA,Tua Tagovailoa,QB,9,186,47.7,1814,11,5,100,47.7,9.8,181.4,87.1
2020,MIA,Ryan Fitzpatrick,QB,7,183,54.4,2091,13,8,106,54.4,11.4,232.3,95.6
2020,MIA,Lynn Bowden Jr.,WR,4,1,50.0,32,0,0,1,50.0,32.0,3.2,95.8
2020,MIN,Kirk Cousins,QB,16,349,51.2,4265,35,13,212,51.2,12.2,266.6,105.0
2020,NOR,Drew Brees,QB,12,275,52.6,2942,24,6,149,52.6,10.7,245.2,106.4
2020,NOR,Taysom Hill,WR/QB,8,88,45.2,928,4,2,45,45.2,10.5,58.0,98.8
2020,NOR,Jameis Winston,QB,0,7,38.5,75,0,0,5,38.5,10.7,18.8,83.5
2020,NWE,Cam Newton,QB,15,242,45.9,2657,8,10,133,45.9,11.0,177.1,82.9
2020,NWE,Jarrett Stidham,QB,0,22,33.3,256,2,3,12,33.3,11.6,51.2,54.7
2020,NWE,Brian Hoyer,QB,1,15,42.3,130,0,1,8,42.3,8.7,130.0,59.4
2020,NWE,Julian Edelman,WR,1,2,100.0,38,0,0,2,100.0,19.0,6.3,118.7
2020,NWE,Jakobi Meyers,WR,9,2,100.0,43,2,0,2,100.0,21.5,3.1,158.3
2020,NYG,Daniel Jones,QB,14,280,42.8,2943,11,10,157,42.8,10.5,210.2,80.4
2020,NYG,Colt McCoy,QB,2,40,36.6,375,1,1,19,36.6,9.4,93.8,75.0
2020,NYG,Golden Tate,WR,4,1,50.0,18,0,0,1,50.0,18.0,1.5,81.2
2020,NYJ,Sam Darnold,QB,12,217,38.3,2208,9,11,109,38.3,10.2,184.0,72.7
2020,NYJ,Joe Flacco,QB,4,74,41.8,864,6,3,36,41.8,11.7,172.8,80.6
2020,NYJ,Jamison Crowder,WR,7,1,100.0,43,1,0,1,100.0,43.0,3.6,158.3
2020,PHI,Carson Wentz,QB,12,251,40.0,2620,16,15,130,40.0,10.4,218.3,72.8
2020,PHI,Jalen Hurts,QB,4,77,38.5,1061,6,4,45,38.5,13.8,70.7,77.6
2020,PHI,Nate Sudfeld,QB,0,5,21.4,32,0,1,1,21.4,6.4,32.0,14.6
2020,PHI,Greg Ward,WR,10,1,100.0,15,0,0,1,100.0,15.0,0.9,118.7
2020,PIT,Ben Roethlisberger,QB,15,399,48.6,3803,33,10,193,48.6,9.5,253.5,94.1
2020,PIT,Mason Rudolph,QB,1,25,36.4,324,2,1,13,36.4,13.0,64.8,87.7
2020,PIT,Joshua Dobbs,QB,0,4,0.0,2,0,0,0,0.0,0.5,2.0,79.2
2020,SEA,Russell Wilson,QB,16,384,51.4,4212,40,13,213,51.4,11.0,263.3,105.1
2020,SEA,Geno Smith,QB,0,4,50.0,33,0,0,3,50.0,8.3,33.0,94.2
2020,SFO,Nick Mullens,QB,8,211,47.5,2437,12,12,120,47.5,11.5,243.7,84.1
2020,SFO,Jimmy Garoppolo,QB,6,94,49.0,1096,7,5,55,49.0,11.7,182.7,92.4
2020,SFO,C.J. Beathard,QB,2,66,46.9,787,6,0,42,46.9,11.9,131.2,105.7
2020,TAM,Tom Brady,QB,16,401,49.6,4633,40,12,233,49.6,11.6,289.6,102.2
2020,TAM,Blaine Gabbert,QB,0,9,41.2,143,2,0,5,41.2,15.9,35.8,125.8
2020,TEN,Ryan Tannehill,QB,16,315,52.1,3819,33,7,202,52.1,12.1,238.7,106.5
2020,TEN,Logan Woodside,QB,0,1,0.0,7,0,0,1,0.0,7.0,1.2,42.4
2020,WAS,Alex Smith,QB,6,168,43.4,1582,6,8,73,43.4,9.4,197.8,78.5
2020,WAS,Dwayne Haskins,QB,6,148,37.9,1439,5,7,73,37.9,9.7,205.6,73.0
2020,WAS,Kyle Allen,QB,4,60,46.8,610,4,1,30,46.8,10.2,152.5,99.3
2020,WAS,Taylor Heinicke,QB,0,12,55.0,137,1,0,6,55.0,11.4,137.0,102.3
2020,WAS,Logan Thomas,TE,15,1,100.0,28,0,0,1,100.0,28.0,1.8,118.7
2019,ARI,Kyler Murray,QB,16,349,43.7,3722,20,12,173,43.7,10.7,232.6,87.4
2019,ARI,Brett Hundley,QB,0,5,23.1,49,0,0,2,23.1,9.8,16.3,58.5
2019,ARI,Andy Lee,P,0,1,0.0,26,0,0,1,0.0,26.0,1.7,118.7
2019,ATL,Matt Ryan,QB,15,408,46.5,4466,26,14,228,46.5,10.9,297.7,92.1
2019,ATL,Matt Schaub,QB,1,50,59.4,580,3,1,30,59.4,11.6,96.7,109.0
2019,ATL,Kenjon Barner,RB,0,1,0.0,3,0,0,0,0.0,3.0,0.2,79.2
2019,BAL,Lamar Jackson,QB,15,265,50.5,3127,36,6,161,50.5,11.8,208.5,113.3
2019,BAL,Robert Griffin III,QB,1,23,46.5,225,1,2,10,46.5,9.8,32.1,64.0
2019,BAL,Sam Koch,P,0,1,0.0,-2,0,0,,0.0,-2.0,-0.1,79.2
2019,BUF,Josh Allen,QB,16,271,41.7,3089,20,9,146,41.7,11.4,193.1,85.3
2019,BUF,Matt Barkley,QB,0,27,37.7,359,0,3,15,37.7,13.3,179.5,51.0
2019,BUF,John Brown,WR,15,1,100.0,28,1,0,1,100.0,28.0,1.9,158.3
2019,CAR,Kyle Allen,QB,12,303,46.7,3322,17,16,188,46.7,11.0,255.5,80.0
2019,CAR,Cam Newton,QB,2,50,43.2,572,0,1,29,43.2,11.4,286.0,71.0
2019,CAR,Will Grier,QB,2,28,32.8,228,0,4,12,32.8,8.1,114.0,33.2
2019,CAR,Michael Palardy,P,0,1,0.0,12,0,0,1,0.0,12.0,0.8,116.7
2019,CHI,Mitchell Trubisky,QB,15,326,43.3,3138,17,10,156,43.3,9.6,209.2,83.0
2019,CHI,Chase Daniel,QB,1,45,50.7,435,3,2,22,50.7,9.7,145.0,91.6
2019,CIN,Andy Dalton,QB,13,314,42.7,3494,16,14,170,42.7,11.1,268.8,78.3
2019,CIN,Ryan Finley,QB,3,41,29.6,474,2,2,20,29.6,11.6,158.0,62.1
2019,CIN,Alex Erickson,WR,6,1,100.0,26,0,0,1,100.0,26.0,1.6,118.7
2019,CLE,Baker Mayfield,QB,16,317,42.5,3827,22,21,179,42.5,12.1,239.2,78.8
2019,CLE,Odell Beckham Jr.,WR,15,1,50.0,20,0,0,1,50.0,20.0,1.3,85.4
2019,DAL,Dak Prescott,QB,16,388,52.3,4902,30,11,229,52.3,12.6,306.4,99.7
2019,DEN,Joe Flacco,QB,8,171,42.0,1822,6,5,86,42.0,10.7,227.8,85.1
2019,DEN,Drew Lock,QB,5,100,44.1,1020,7,3,54,44.1,10.2,204.0,89.7
2019,DEN,Brandon Allen,QB,3,39,28.0,515,3,2,20,28.0,13.2,171.7,68.3
2019,DEN,Andrew Beck,TE,6,1,100.0,6,0,0,1,100.0,6.0,0.4,91.7
2019,DEN,Courtland Sutton,WR,14,1,100.0,38,0,0,1,100.0,38.0,2.4,118.7
2019,DET,Matthew Stafford,QB,8,187,48.9,2499,19,5,117,48.9,13.4,312.4,106.0
2019,DET,David Blough,QB,5,94,37.2,984,4,6,47,37.2,10.5,196.8,64.0
2019,DET,Jeff Driskel,QB,3,62,37.9,685,4,4,31,37.9,11.0,228.3,75.3
2019,DET,Danny Amendola,WR,10,1,100.0,19,1,0,1,100.0,19.0,1.3,158.3
2019,GNB,Aaron Rodgers,QB,16,353,44.0,4002,26,4,189,44.0,11.3,250.1,95.4
2019,GNB,Tim Boyle,QB,0,3,50.0,15,0,0,1,50.0,5.0,5.0,80.2
2019,HOU,Deshaun Watson,QB,15,333,49.4,3852,26,12,191,49.4,11.6,256.8,98.0
2019,HOU,A.J. McCarron,QB,1,21,42.9,225,0,1,11,42.9,10.7,112.5,63.5
2019,HOU,DeAndre Hopkins,WR,15,1,50.0,6,1,1,1,50.0,6.0,0.4,56.2
2019,IND,Jacoby Brissett,QB,15,272,42.8,2942,18,6,143,42.8,10.8,196.1,88.0
2019,IND,Brian Hoyer,QB,1,35,38.6,372,4,4,22,38.6,10.6,93.0,65.7
2019,JAX,Gardner Minshew II,QB,12,285,41.9,3271,21,6,150,41.9,11.5,233.6,91.2
2019,JAX,Nick Foles,QB,4,77,40.0,736,3,2,31,40.0,9.6,184.0,84.6
2019,JAX,Logan Cooke,P,0,2,0.0,16,0,0,2,0.0,8.0,1.0,100.0
2019,KAN,Patrick Mahomes,QB,14,319,50.9,4031,26,5,176,50.9,12.6,287.9,105.3
2019,KAN,Matt Moore,QB,2,59,47.5,659,4,0,35,47.5,11.2,109.8,100.9
2019,LAC,Philip Rivers,QB,16,390,49.6,4615,23,20,217,49.6,11.8,288.4,88.5
2019,LAC,Tyrod Taylor,QB,0,4,50.0,33,1,0,3,50.0,8.3,4.1,120.1
2019,LAR,Jared Goff,QB,16,394,47.7,4638,22,16,220,47.7,11.8,289.9,86.5
2019,LAR,Johnny Hekker,P,0,2,0.0,28,0,1,2,0.0,14.0,1.8,56.9
2019,LAR,Blake Bortles,QB,0,1,0.0,3,0,0,,0.0,3.0,1.0,56.2
2019,LVR,Derek Carr,QB,16,361,50.7,4054,21,8,191,50.7,11.2,253.4,100.8
2019,LVR,Mike Glennon,QB,0,6,40.0,56,1,0,3,40.0,9.3,28.0,108.7
2019,MIA,Ryan Fitzpatrick,QB,13,311,45.0,3529,20,13,182,45.0,11.3,235.3,85.5
2019,MIA,Josh Rosen,QB,3,58,35.2,567,1,5,26,35.2,9.8,94.5,52.0
2019,MIA,Matt Haack,P,0,1,0.0,1,1,0,1,0.0,1.0,0.1,95.8
2019,MIA,Albert Wilson,WR,4,1,33.3,20,0,0,1,33.3,20.0,1.5,85.4
2019,MIN,Kirk Cousins,QB,15,307,50.4,3603,26,6,165,50.4,11.7,240.2,107.4
2019,MIN,Sean Mannion,QB,1,12,52.4,126,0,2,6,52.4,10.5,42.0,35.1
2019,NOR,Drew Brees,QB,11,281,56.2,2979,27,4,159,56.2,10.6,270.8,116.3
2019,NOR,Teddy Bridgewater,QB,5,133,47.1,1384,9,2,67,47.1,10.4,153.8,99.1
2019,NOR,Taysom Hill,WR,5,3,42.9,55,0,0,3,42.9,18.3,3.4,81.9
2019,NOR,Alvin Kamara,RB,9,1,100.0,13,0,0,1,100.0,13.0,0.9,118.7
2019,NWE,Tom Brady,QB,16,373,44.1,4057,24,8,193,44.1,10.9,253.6,88.0
2019,NWE,Jarrett Stidham,QB,0,2,20.0,14,0,1,1,20.0,7.0,4.7,18.7
2019,NWE,Julian Edelman,WR,13,2,100.0,47,1,0,2,100.0,23.5,2.9,158.3
2019,NWE,James White,RB,1,1,100.0,35,0,0,1,100.0,35.0,2.3,118.7
2019,NYG,Daniel Jones,QB,12,284,41.0,3027,24,12,140,41.0,10.7,232.8,87.7
2019,NYG,Eli Manning,QB,4,91,46.7,1042,6,5,47,46.7,11.5,260.5,82.6
2019,NYG,Alex Tanney,QB,0,1,0.0,1,0,0,,0.0,1.0,1.0,79.2
2019,NYJ,Sam Darnold,QB,13,273,43.7,3024,19,13,147,43.7,11.1,232.6,84.3
2019,NYJ,Luke Falk,QB,2,47,27.0,416,0,3,15,27.0,8.9,138.7,62.4
2019,NYJ,Trevor Siemian,QB,1,3,0.0,3,0,0,,0.0,1.0,3.0,56.2
2019,PHI,Carson Wentz,QB,16,388,48.4,4039,27,7,213,48.4,10.4,252.4,93.1
2019,PHI,Josh McCown,QB,0,3,60.0,24,0,0,2,60.0,8.0,8.0,72.1
2019,PIT,Mason Rudolph,QB,8,176,40.6,1765,13,9,80,40.6,10.0,176.5,82.0
2019,PIT,Devlin Hodges,QB,6,100,38.9,1063,5,8,51,38.9,10.6,132.9,71.4
2019,PIT,Ben Roethlisberger,QB,2,35,37.5,351,0,1,14,37.5,10.0,175.5,66.0
2019,PIT,Jaylen Samuels,RB,4,4,60.0,35,0,1,2,60.0,8.8,2.5,56.2
2019,SEA,Russell Wilson,QB,16,341,49.6,4110,31,5,190,49.6,12.1,256.9,106.3
2019,SFO,Jimmy Garoppolo,QB,16,329,48.6,3978,27,13,193,48.6,12.1,248.6,102.0
2019,SFO,Dante Pettis,WR,4,1,100.0,16,0,0,1,100.0,16.0,1.5,118.7
2019,SFO,Emmanuel Sanders,WR,9,1,100.0,35,1,0,1,100.0,35.0,3.5,158.3
2019,TAM,Jameis Winston,QB,16,380,46.7,5109,33,30,243,46.7,13.4,319.3,84.3
2019,TAM,Ryan Griffin,QB,0,2,50.0,18,0,0,1,50.0,9.0,9.0,62.5
2019,TEN,Ryan Tannehill,QB,10,201,51.4,2742,22,6,126,51.4,13.6,228.5,117.5
2019,TEN,Marcus Mariota,QB,6,95,34.6,1203,7,2,50,34.6,12.7,171.9,92.3
2019,TEN,Brett Kern,P,0,1,0.0,11,0,0,1,0.0,11.0,0.7,66.7
2019,WAS,Case Keenum,QB,8,160,46.2,1707,11,5,83,46.2,10.7,170.7,91.3
2019,WAS,Dwayne Haskins,QB,7,119,38.8,1365,7,7,65,38.8,11.5,151.7,76.1
2019,WAS,Colt McCoy,QB,1,18,30.3,122,0,1,5,30.3,6.8,122.0,61.0
2019,WAS,Kelvin Harmon,WR,8,1,100.0,11,0,0,1,100.0,11.0,0.7,112.5
2018,ARI,Josh Rosen,QB,13,217,36.3,2278,11,14,112,36.3,10.5,162.7,66.7
2018,ARI,Sam Bradford,QB,3,50,32.6,400,2,4,16,32.6,8.0,133.3,62.5
2018,ARI,Mike Glennon,QB,0,15,50.0,174,1,0,8,50.0,11.6,87.0,112.0
2018,ARI,Larry Fitzgerald,WR,16,1,100.0,32,1,0,1,100.0,32.0,2.0,158.3
2018,ATL,Matt Ryan,QB,16,422,51.7,4924,35,7,236,51.7,11.7,307.8,108.1
2018,ATL,Matt Schaub,QB,0,5,28.6,20,0,0,1,28.6,4.0,6.7,74.1
2018,ATL,Mohamed Sanu,WR,16,1,50.0,5,1,0,1,50.0,5.0,0.3,95.8
2018,BAL,Joe Flacco,QB,9,232,44.8,2465,12,6,119,44.8,10.6,273.9,84.2
2018,BAL,Lamar Jackson,QB,7,99,43.5,1201,6,3,60,43.5,12.1,75.1,84.5
2018,BAL,Robert Griffin III,QB,0,2,33.3,21,0,0,1,33.3,10.5,7.0,44.4
2018,BAL,Sam Koch,P,0,1,0.0,21,0,0,1,0.0,21.0,1.3,118.7
2018,BUF,Josh Allen,QB,11,169,37.1,2074,10,12,89,37.1,12.3,172.8,67.9
2018,BUF,Nathan Peterman,QB,2,44,28.4,296,1,7,13,28.4,6.7,74.0,30.7
2018,BUF,Derek Anderson,QB,2,42,38.7,465,0,4,22,38.7,11.1,232.5,56.0
2018,BUF,Matt Barkley,QB,1,15,46.2,232,2,0,12,46.2,15.5,232.0,117.4
2018,BUF,Logan Thomas,TE,3,1,0.0,15,0,0,1,0.0,15.0,1.3,118.7
2018,CAR,Cam Newton,QB,14,320,49.8,3395,24,13,180,49.8,10.6,242.5,94.2
2018,CAR,Taylor Heinicke,QB,1,35,40.7,320,1,3,19,40.7,9.1,53.3,60.6
2018,CAR,Kyle Allen,QB,1,20,45.2,266,2,0,11,45.2,13.3,133.0,113.1
2018,CAR,Garrett Gilbert,QB,0,2,25.0,40,0,0,1,25.0,20.0,40.0,109.7
2018,CAR,Christian McCaffrey,RB,16,1,100.0,50,1,0,1,100.0,50.0,3.1,158.3
2018,CHI,Mitchell Trubisky,QB,14,289,48.9,3223,24,12,151,48.9,11.2,230.2,95.4
2018,CHI,Chase Daniel,QB,2,53,45.9,515,3,2,23,45.9,9.7,103.0,90.6
2018,CHI,Tarik Cohen,RB,7,1,100.0,1,1,0,1,100.0,1.0,0.1,118.7
2018,CHI,Anthony Miller,WR,4,1,100.0,8,0,0,1,100.0,8.0,0.5,100.0
2018,CIN,Andy Dalton,QB,11,226,48.4,2566,21,11,132,48.4,11.4,233.3,89.6
2018,CIN,Jeff Driskel,QB,5,105,38.5,1003,6,2,50,38.5,9.6,111.4,82.2
2018,CLE,Baker Mayfield,QB,13,310,46.0,3725,27,14,171,46.0,12.0,266.1,93.7
2018,CLE,Tyrod Taylor,QB,3,42,28.6,473,2,2,17,28.6,11.3,118.3,64.5
2018,CLE,Jarvis Landry,WR,14,1,50.0,63,0,0,1,50.0,63.0,3.9,95.8
2018,DAL,Dak Prescott,QB,16,356,45.2,3885,22,8,184,45.2,10.9,242.8,96.9
2018,DEN,Case Keenum,QB,16,365,44.5,3890,18,15,179,44.5,10.7,243.1,81.2
2018,DEN,Emmanuel Sanders,WR,12,1,100.0,28,1,0,1,100.0,28.0,2.3,158.3
2018,DEN,Colby Wadman,P,0,1,0.0,12,0,0,1,0.0,12.0,1.0,116.7
2018,DET,Matthew Stafford,QB,16,367,45.7,3777,21,11,197,45.7,10.3,236.1,89.9
2018,DET,Matt Cassel,QB,0,7,38.9,59,0,1,2,38.9,8.4,29.5,26.3
2018,DET,Matt Prater,K,0,1,0.0,8,1,0,1,0.0,8.0,0.5,139.6
2018,GNB,Aaron Rodgers,QB,16,372,45.8,4442,25,2,200,45.8,11.9,277.6,97.6
2018,GNB,DeShone Kizer,QB,0,20,30.4,187,0,2,8,30.4,9.4,62.3,40.5
2018,HOU,Deshaun Watson,QB,16,345,46.4,4165,26,9,202,46.4,12.1,260.3,103.1
2018,IND,Andrew Luck,QB,16,430,53.0,4593,39,15,236,53.0,10.7,287.1,98.7
2018,IND,Jacoby Brissett,QB,0,2,25.0,2,0,0,1,25.0,1.0,0.5,56.2
2018,JAX,Blake Bortles,QB,12,243,44.7,2718,13,11,126,44.7,11.2,209.1,79.8
2018,JAX,Cody Kessler,QB,4,85,41.2,709,2,2,35,41.2,8.3,141.8,77.4
2018,JAX,Logan Cooke,P,0,1,0.0,4,0,0,1,0.0,4.0,0.3,83.3
2018,KAN,Patrick Mahomes,QB,16,383,54.1,5097,50,12,237,54.1,13.3,318.6,113.8
2018,KAN,Chad Henne,QB,0,2,66.7,29,0,0,2,66.7,14.5,29.0,97.9
2018,LAC,Philip Rivers,QB,16,347,52.0,4308,32,12,211,52.0,12.4,269.3,105.5
2018,LAC,Geno Smith,QB,0,1,0.0,8,0,0,,0.0,8.0,1.6,39.6
2018,LAR,Jared Goff,QB,16,364,50.7,4688,32,12,233,50.7,12.9,293.0,101.1
2018,LAR,Johnny Hekker,P,0,2,0.0,19,0,0,2,0.0,9.5,1.2,63.5
2018,LAR,Sean Mannion,QB,0,2,33.3,23,0,0,1,33.3,11.5,7.7,89.6
2018,LVR,Derek Carr,QB,16,381,48.5,4049,19,10,197,48.5,10.6,253.1,93.9
2018,LVR,A.J. McCarron,QB,0,1,0.0,8,0,0,,0.0,8.0,4.0,42.4
2018,MIA,Ryan Tannehill,QB,11,176,42.1,1979,17,9,92,42.1,11.2,179.9,92.7
2018,MIA,Brock Osweiler,QB,5,113,43.6,1247,6,4,58,43.6,11.0,178.1,86.0
2018,MIA,Danny Amendola,WR,15,1,100.0,28,1,0,1,100.0,28.0,1.9,158.3
2018,MIA,Kenny Stills,WR,15,1,100.0,3,1,0,1,100.0,3.0,0.2,118.7
2018,MIA,Albert Wilson,WR,3,1,100.0,52,1,0,1,100.0,52.0,7.4,158.3
2018,MIN,Kirk Cousins,QB,16,425,49.4,4298,30,10,218,49.4,10.1,268.6,99.7
2018,NOR,Drew Brees,QB,15,364,57.3,3992,32,5,197,57.3,11.0,266.1,115.7
2018,NOR,Teddy Bridgewater,QB,1,14,36.0,118,1,1,8,36.0,8.4,23.6,70.6
2018,NOR,Taysom Hill,QB,4,3,25.0,64,0,1,3,25.0,21.3,4.0,36.3
2018,NWE,Tom Brady,QB,16,375,51.8,4355,29,11,205,51.8,11.6,272.2,97.7
2018,NWE,Julian Edelman,WR,12,2,50.0,43,0,0,1,50.0,21.5,3.6,118.7
2018,NWE,Brian Hoyer,QB,0,1,0.0,7,0,0,0,0.0,7.0,1.4,58.3
2018,NYG,Eli Manning,QB,16,380,43.0,4299,21,11,205,43.0,11.3,268.7,92.4
2018,NYG,Odell Beckham Jr.,WR,12,2,100.0,106,2,0,2,100.0,53.0,8.8,158.3
2018,NYJ,Sam Darnold,QB,13,239,43.2,2865,17,15,130,43.2,12.0,220.4,77.6
2018,NYJ,Josh McCown,QB,3,60,38.5,539,1,4,27,38.5,9.0,134.8,55.8
2018,PHI,Carson Wentz,QB,11,279,50.7,3074,21,7,159,50.7,11.0,279.5,102.2
2018,PHI,Nick Foles,QB,5,141,42.6,1413,7,4,59,42.6,10.0,282.6,96.0
2018,PHI,Nate Sudfeld,QB,0,1,50.0,22,1,0,1,50.0,22.0,11.0,129.2
2018,PHI,Nelson Agholor,WR,16,1,100.0,15,0,0,1,100.0,15.0,0.9,118.7
2018,PIT,Ben Roethlisberger,QB,16,452,50.9,5129,34,16,248,50.9,11.3,320.6,96.5
2018,PIT,Joshua Dobbs,QB,0,6,33.3,43,0,1,2,33.3,7.2,8.6,24.0
2018,PIT,Chris Boswell,K,0,1,0.0,2,1,0,1,0.0,2.0,0.1,118.7
2018,SEA,Russell Wilson,QB,16,280,44.1,3448,35,7,156,44.1,12.3,215.5,110.9
2018,SFO,Nick Mullens,QB,8,176,47.4,2277,13,10,106,47.4,12.9,284.6,90.8
2018,SFO,C.J. Beathard,QB,5,102,44.4,1252,8,7,60,44.4,12.3,208.7,81.8
2018,SFO,Jimmy Garoppolo,QB,3,53,45.1,718,5,3,35,45.1,13.5,239.3,90.0
2018,TAM,Jameis Winston,QB,9,244,50.6,2992,19,14,152,50.6,12.3,272.0,90.2
2018,TAM,Ryan Fitzpatrick,QB,7,164,51.9,2366,17,12,113,51.9,14.4,295.8,100.4
2018,TEN,Marcus Mariota,QB,13,228,46.4,2528,11,8,121,46.4,11.1,180.6,92.3
2018,TEN,Blaine Gabbert,QB,3,61,39.6,626,4,4,32,39.6,10.3,78.3,74.9
2018,TEN,Derrick Henry,RB,12,2,66.7,14,0,0,1,66.7,7.0,0.9,77.1
2018,TEN,Kevin Byard,FS,16,1,0.0,66,1,0,1,0.0,66.0,4.1,158.3
2018,TEN,Darius Jennings,WR,0,1,100.0,21,0,0,1,100.0,21.0,1.3,118.7
2018,WAS,Alex Smith,QB,10,205,43.7,2180,10,5,106,43.7,10.6,218.0,85.7
2018,WAS,Josh Johnson,QB,3,52,42.0,590,3,4,29,42.0,11.3,147.5,69.4
2018,WAS,Colt McCoy,QB,2,34,45.0,372,3,3,17,45.0,10.9,124.0,78.6
2018,WAS,Mark Sanchez,QB,1,19,21.4,138,0,3,3,21.4,7.3,69.0,28.0
2018,WAS,Tress Way,P,0,1,0.0,7,0,0,1,0.0,7.0,0.4,95.8
2017,ARI,Carson Palmer,QB,7,164,43.9,1978,9,7,95,43.9,12.1,282.6,84.4
2017,ARI,Blaine Gabbert,QB,5,95,39.2,1086,6,6,55,39.2,11.4,217.2,71.9
2017,ARI,Drew Stanton,QB,4,79,38.0,894,6,5,49,38.0,11.3,178.8,66.4
2017,ARI,Larry Fitzgerald,WR,16,1,100.0,21,0,0,1,100.0,21.0,1.3,118.7
2017,ATL,Matt Ryan,QB,16,342,49.9,4095,20,12,199,49.9,12.0,255.9,91.4
2017,ATL,Mohamed Sanu,WR,15,1,100.0,51,1,0,1,100.0,51.0,3.4,158.3
2017,BAL,Joe Flacco,QB,16,352,40.6,3141,18,13,163,40.6,8.9,196.3,80.4
2017,BAL,Ryan Mallett,QB,0,9,43.8,56,2,0,5,43.8,6.2,28.0,103.1
2017,BAL,Sam Koch,P,0,2,100.0,38,0,0,2,100.0,19.0,2.4,118.7
2017,BUF,Tyrod Taylor,QB,14,263,42.5,2799,14,4,133,42.5,10.6,186.6,89.2
2017,BUF,Nathan Peterman,QB,2,24,38.0,252,2,5,15,38.0,10.5,63.0,38.4
2017,BUF,Joe Webb,QB,0,2,14.3,35,0,1,1,14.3,17.5,2.2,8.3
2017,CAR,Cam Newton,QB,16,291,43.8,3302,22,16,167,43.8,11.3,206.4,80.7
2017,CAR,Derek Anderson,QB,0,2,25.0,17,0,0,1,25.0,8.5,5.7,39.6
2017,CHI,Mitchell Trubisky,QB,12,196,35.5,2193,7,7,100,35.5,11.2,182.8,77.5
2017,CHI,Mike Glennon,QB,4,93,41.2,833,4,5,42,41.2,9.0,208.3,76.9
2017,CHI,Tarik Cohen,RB,4,1,50.0,21,1,0,1,50.0,21.0,1.3,127.1
2017,CHI,Pat O'Donnell,P,0,1,100.0,38,1,0,1,100.0,38.0,2.4,158.3
2017,CIN,Andy Dalton,QB,16,297,40.9,3320,25,12,163,40.9,11.2,207.5,86.6
2017,CIN,A.J. McCarron,QB,0,7,20.0,66,0,0,4,20.0,9.4,22.0,63.4
2017,CLE,DeShone Kizer,QB,15,255,34.2,2894,11,22,131,34.2,11.3,192.9,60.5
2017,CLE,Kevin Hogan,QB,1,46,40.7,517,4,5,21,40.7,11.2,129.3,71.9
2017,CLE,Cody Kessler,QB,0,11,27.6,126,0,1,6,27.6,11.5,42.0,46.6
2017,DAL,Dak Prescott,QB,16,308,43.3,3324,22,13,162,43.3,10.8,207.8,86.6
2017,DAL,Cooper Rush,QB,0,1,0.0,2,0,0,0,0.0,2.0,1.0,42.4
2017,DEN,Trevor Siemian,QB,10,206,39.8,2285,12,14,112,39.8,11.1,207.7,73.3
2017,DEN,Brock Osweiler,QB,4,96,37.4,1088,5,5,53,37.4,11.3,181.3,72.5
2017,DEN,Paxton Lynch,QB,2,30,40.7,295,2,3,15,40.7,9.8,147.5,72.0
2017,DET,Matthew Stafford,QB,16,371,45.6,4446,29,10,210,45.6,12.0,277.9,99.3
2017,DET,Jake Rudock,QB,0,3,40.0,24,0,1,1,40.0,8.0,8.0,32.5
2017,GNB,Brett Hundley,QB,9,192,40.0,1836,9,12,90,40.0,9.6,166.9,70.6
2017,GNB,Aaron Rodgers,QB,7,154,47.7,1675,16,6,86,47.7,10.9,239.3,97.2
2017,GNB,Joe Callahan,QB,0,5,14.3,11,0,0,1,14.3,2.2,11.0,74.1
2017,GNB,Randall Cobb,WR,14,1,100.0,10,0,0,1,100.0,10.0,0.7,108.3
2017,HOU,Tom Savage,QB,7,125,39.8,1412,5,6,70,39.8,11.3,176.5,71.4
2017,HOU,Deshaun Watson,QB,6,126,46.6,1699,19,8,85,46.6,13.5,242.7,103.0
2017,HOU,T.J. Yates,QB,3,47,33.6,523,4,3,27,33.6,11.1,130.8,65.8
2017,HOU,Taylor Heinicke,QB,0,1,50.0,10,0,0,1,50.0,10.0,10.0,108.3
2017,IND,Jacoby Brissett,QB,15,276,40.1,3098,13,7,146,40.1,11.2,193.6,81.7
2017,IND,Scott Tolzien,QB,1,9,27.3,128,0,2,5,27.3,14.2,128.0,33.8
2017,JAX,Blake Bortles,QB,16,315,45.2,3687,21,13,195,45.2,11.7,230.4,84.7
2017,JAX,Brad Nortman,P,0,1,100.0,29,0,0,1,100.0,29.0,1.8,118.7
2017,KAN,Alex Smith,QB,15,341,45.6,4042,26,5,182,45.6,11.9,269.5,104.7
2017,KAN,Patrick Mahomes,QB,1,22,51.4,284,0,1,15,51.4,12.9,284.0,76.4
2017,LAC,Philip Rivers,QB,16,360,46.4,4515,28,10,217,46.4,12.5,282.2,96.0
2017,LAC,Kellen Clemens,QB,0,6,50.0,36,0,1,4,50.0,6.0,4.5,43.7
2017,LAR,Jared Goff,QB,15,296,46.6,3804,28,7,177,46.6,12.9,253.6,100.5
2017,LAR,Sean Mannion,QB,1,22,27.5,185,0,0,8,27.5,8.4,37.0,72.5
2017,LAR,Johnny Hekker,P,0,2,33.3,34,0,0,1,33.3,17.0,2.1,104.9
2017,LVR,Derek Carr,QB,15,323,46.2,3496,22,13,168,46.2,10.8,233.1,86.4
2017,LVR,EJ Manuel,QB,1,24,38.3,265,1,1,13,38.3,11.0,132.5,72.3
2017,MIA,Jay Cutler,QB,14,266,44.3,2666,19,14,138,44.3,10.0,190.4,80.8
2017,MIA,Matt Moore,QB,2,78,41.0,861,4,5,40,41.0,11.0,215.3,75.6
2017,MIA,David Fales,QB,0,29,47.7,265,1,1,15,47.7,9.1,132.5,82.0
2017,MIN,Case Keenum,QB,14,325,50.5,3547,22,7,180,50.5,10.9,236.5,98.3
2017,MIN,Sam Bradford,QB,2,32,50.0,382,3,0,17,50.0,11.9,191.0,124.4
2017,NOR,Drew Brees,QB,16,386,51.6,4334,23,8,203,51.6,11.2,270.9,103.9
2017,NWE,Tom Brady,QB,16,385,49.7,4577,32,8,230,49.7,11.9,286.1,102.8
2017,NWE,Brian Hoyer,QB,0,4,33.3,42,0,0,2,33.3,10.5,8.4,86.8
2017,NYG,Eli Manning,QB,15,352,44.7,3468,19,13,172,44.7,9.9,231.2,80.4
2017,NYG,Geno Smith,QB,1,21,38.5,212,1,0,8,38.5,10.1,106.0,84.5
2017,NYJ,Josh McCown,QB,13,267,44.5,2926,18,9,137,44.5,11.0,225.1,94.5
2017,NYJ,Bryce Petty,QB,3,55,31.7,544,1,3,25,31.7,9.9,136.0,55.1
2017,NYJ,Lac Edwards,P,0,1,100.0,31,0,0,1,100.0,31.0,1.9,118.7
2017,PHI,Carson Wentz,QB,13,265,45.3,3296,33,7,161,45.3,12.4,253.5,101.9
2017,PHI,Nick Foles,QB,3,57,38.7,537,5,2,29,38.7,9.4,76.7,79.5
2017,PHI,Nate Sudfeld,QB,0,19,46.2,134,0,0,5,46.2,7.1,134.0,90.9
2017,PIT,Ben Roethlisberger,QB,15,360,47.9,4251,28,14,204,47.9,11.8,283.4,93.4
2017,PIT,Landry Jones,QB,1,23,45.2,239,1,1,9,45.2,10.4,79.7,99.3
2017,PIT,Robert Golden,DB,2,1,100.0,44,0,0,1,100.0,44.0,2.8,118.7
2017,SEA,Russell Wilson,QB,16,339,43.8,3983,34,11,189,43.8,11.7,248.9,95.4
2017,SEA,Jon Ryan,P,0,1,0.0,-4,0,0,,0.0,-4.0,-0.3,79.2
2017,SFO,C.J. Beathard,QB,5,123,37.4,1430,4,6,67,37.4,11.6,204.3,69.2
2017,SFO,Brian Hoyer,QB,6,119,38.0,1245,4,4,62,38.0,10.5,207.5,74.1
2017,SFO,Jimmy Garoppolo,QB,5,120,54.3,1560,7,5,81,54.3,13.0,260.0,96.2
2017,TAM,Jameis Winston,QB,13,282,49.7,3504,19,11,185,49.7,12.4,269.5,92.2
2017,TAM,Ryan Fitzpatrick,QB,3,96,45.9,1103,7,3,64,45.9,11.5,183.8,86.0
2017,TEN,Marcus Mariota,QB,15,281,45.0,3232,13,15,149,45.0,11.5,215.5,79.3
2017,TEN,Matt Cassel,QB,1,25,34.0,162,1,2,10,34.0,6.5,81.0,55.9
2017,WAS,Kirk Cousins,QB,16,347,45.6,4093,27,13,194,45.6,11.8,255.8,93.9
2016,ARI,Carson Palmer,QB,15,364,46.9,4233,26,14,220,46.9,11.6,282.2,87.2
2016,ARI,Drew Stanton,QB,1,19,32.7,192,2,3,11,32.7,10.1,38.4,39.6
2016,ATL,Matt Ryan,QB,16,373,52.5,4944,38,7,240,52.5,13.3,309.0,117.1
2016,ATL,Matt Schaub,QB,0,1,33.3,16,0,0,1,33.3,16.0,4.0,52.1
2016,BAL,Joe Flacco,QB,16,436,43.0,4317,20,15,204,43.0,9.9,269.8,83.5
2016,BAL,Ryan Mallett,QB,0,3,33.3,26,0,1,1,33.3,8.7,6.5,22.2
2016,BUF,Tyrod Taylor,QB,15,269,43.1,3023,17,6,148,43.1,11.2,201.5,89.7
2016,BUF,EJ Manuel,QB,1,11,37.9,131,0,0,6,37.9,11.9,21.8,58.3
2016,BUF,Cardale Jones,QB,0,6,50.0,96,0,1,2,50.0,16.0,96.0,46.0
2016,CAR,Cam Newton,QB,14,270,40.7,3509,19,14,173,40.7,13.0,233.9,75.8
2016,CAR,Derek Anderson,QB,2,36,60.4,453,2,5,22,60.4,12.6,90.6,67.6
2016,CHI,Matt Barkley,QB,6,129,52.7,1611,8,14,90,52.7,12.5,230.1,68.3
2016,CHI,Brian Hoyer,QB,5,134,50.5,1445,6,0,75,50.5,10.8,240.8,98.0
2016,CHI,Jay Cutler,QB,5,81,40.9,1059,4,5,45,40.9,13.1,211.8,78.1
2016,CHI,David Fales,QB,0,2,33.3,22,0,0,2,33.3,11.0,22.0,53.7
2016,CHI,Cameron Meredith,WR,10,1,100.0,2,1,0,1,100.0,2.0,0.1,118.7
2016,CIN,Andy Dalton,QB,16,364,47.8,4206,18,8,206,47.8,11.6,262.9,91.8
2016,CLE,Cody Kessler,QB,8,128,45.4,1380,6,2,69,45.4,10.8,153.3,92.3
2016,CLE,Josh McCown,QB,3,90,41.0,1100,6,6,56,41.0,12.2,220.0,72.3
2016,CLE,Robert Griffin III,QB,5,87,37.3,886,2,3,43,37.3,10.2,177.2,72.5
2016,CLE,Kevin Hogan,QB,0,14,32.1,104,0,2,6,32.1,7.4,26.0,31.6
2016,CLE,Charlie Whitehurst,QB,0,14,46.2,182,1,1,8,46.2,13.0,182.0,78.8
2016,CLE,Terrelle Pryor,WR,15,5,20.0,41,0,0,1,20.0,8.2,2.6,67.4
2016,DAL,Dak Prescott,QB,16,311,52.3,3667,23,4,185,52.3,11.8,229.2,104.9
2016,DAL,Mark Sanchez,QB,0,10,28.6,93,0,2,5,28.6,9.3,46.5,30.3
2016,DAL,Tony Romo,QB,0,3,75.0,29,1,0,3,75.0,9.7,29.0,134.4
2016,DAL,Dez Bryant,WR,13,1,100.0,10,1,0,1,100.0,10.0,0.8,147.9
2016,DEN,Trevor Siemian,QB,14,289,44.5,3401,18,10,155,44.5,11.8,242.9,84.6
2016,DEN,Paxton Lynch,QB,2,49,41.3,497,2,1,25,41.3,10.1,165.7,79.2
2016,DEN,Riley Dixon,P,0,1,100.0,16,0,0,1,100.0,16.0,1.0,118.7
2016,DET,Matthew Stafford,QB,16,388,48.0,4327,24,10,218,48.0,11.2,270.4,93.3
2016,GNB,Aaron Rodgers,QB,16,401,49.6,4428,40,7,226,49.6,11.0,276.8,104.2
2016,GNB,Brett Hundley,QB,0,2,20.0,17,0,1,,20.0,8.5,4.3,0.0
2016,HOU,Brock Osweiler,QB,14,301,42.5,2957,15,16,154,42.5,9.8,197.1,72.2
2016,HOU,Tom Savage,QB,2,46,44.9,461,0,0,20,44.9,10.0,153.7,80.9
2016,IND,Andrew Luck,QB,15,346,48.5,4240,31,13,206,48.5,12.3,282.7,96.4
2016,IND,Scott Tolzien,QB,1,23,45.0,216,1,2,13,45.0,9.4,72.0,64.7
2016,IND,Pat McAfee,P,0,1,100.0,35,0,0,1,100.0,35.0,2.2,118.7
2016,JAX,Blake Bortles,QB,16,368,42.9,3905,23,16,207,42.9,10.6,244.1,78.8
2016,JAX,Marqise Lee,WR,6,1,100.0,20,1,0,1,100.0,20.0,1.3,158.3
2016,KAN,Alex Smith,QB,15,328,48.0,3502,15,8,182,48.0,10.7,233.5,91.2
2016,KAN,Nick Foles,QB,1,36,33.9,410,3,0,15,33.9,11.4,136.7,105.9
2016,KAN,Dontari Poe,NT,16,1,100.0,2,1,0,1,100.0,2.0,0.1,118.7
2016,LAC,Philip Rivers,QB,16,349,46.6,4386,33,21,215,46.6,12.6,274.1,87.9
2016,LAR,Case Keenum,QB,9,196,40.6,2201,9,11,103,40.6,11.2,220.1,76.4
2016,LAR,Jared Goff,QB,7,112,29.4,1089,5,7,48,29.4,9.7,155.6,63.6
2016,LAR,Sean Mannion,QB,0,3,33.3,19,0,1,1,33.3,6.3,19.0,17.4
2016,LAR,Johnny Hekker,P,0,1,50.0,4,0,0,1,50.0,4.0,0.3,56.2
2016,LVR,Derek Carr,QB,15,357,45.1,3937,28,6,191,45.1,11.0,262.5,96.7
2016,LVR,Connor Cook,QB,0,14,47.8,150,1,1,6,47.8,10.7,150.0,83.4
2016,LVR,Matt McGloin,QB,1,8,26.7,50,0,0,3,26.7,6.3,16.7,60.4
2016,MIA,Ryan Tannehill,QB,13,261,45.9,2995,19,12,134,45.9,11.5,230.4,93.5
2016,MIA,Matt Moore,QB,3,55,47.7,721,8,3,35,47.7,13.1,180.3,105.6
2016,MIN,Sam Bradford,QB,15,395,49.1,3877,20,5,199,49.1,9.8,258.5,99.3
2016,MIN,Shaun Hill,QB,1,19,41.7,242,0,0,12,41.7,12.7,80.7,76.1
2016,NOR,Drew Brees,QB,16,471,53.9,5208,37,15,265,53.9,11.1,325.5,101.7
2016,NOR,Willie Snead,WR,4,1,100.0,50,1,0,1,100.0,50.0,3.3,158.3
2016,NWE,Tom Brady,QB,12,291,50.6,3554,28,2,165,50.6,12.2,296.2,112.2
2016,NWE,Jimmy Garoppolo,QB,2,43,53.0,502,4,0,22,53.0,11.7,83.7,113.3
2016,NWE,Jacoby Brissett,QB,2,34,42.6,400,0,0,18,42.6,11.8,133.3,83.9
2016,NYG,Eli Manning,QB,16,377,45.1,4027,26,16,191,45.1,10.7,251.7,86.0
2016,NYJ,Ryan Fitzpatrick,QB,11,228,41.9,2710,12,17,130,41.9,11.9,193.6,69.6
2016,NYJ,Bryce Petty,QB,4,75,37.0,809,3,7,35,37.0,10.8,134.8,60.0
2016,NYJ,Geno Smith,QB,1,8,41.2,126,1,1,3,41.2,15.8,63.0,81.2
2016,PHI,Carson Wentz,QB,16,379,44.2,3782,16,14,192,44.2,10.0,236.4,79.3
2016,PHI,Chase Daniel,QB,0,1,100.0,16,0,0,1,100.0,16.0,16.0,118.7
2016,PIT,Ben Roethlisberger,QB,14,328,48.7,3819,29,13,184,48.7,11.6,272.8,95.4
2016,PIT,Landry Jones,QB,2,53,38.9,558,4,2,27,38.9,10.5,69.8,86.3
2016,SEA,Russell Wilson,QB,16,353,47.2,4219,21,11,193,47.2,12.0,263.7,92.6
2016,SEA,Trevone Boykin,QB,0,13,68.4,145,1,1,8,68.4,11.2,29.0,91.2
2016,SEA,Doug Baldwin,WR,15,1,100.0,15,1,0,1,100.0,15.0,0.9,158.3
2016,SEA,Tanner McEvoy,TE,0,1,100.0,43,0,0,1,100.0,43.0,3.1,118.7
2016,SFO,Colin Kaepernick,QB,11,196,41.4,2241,16,4,101,41.4,11.4,186.8,90.7
2016,SFO,Blaine Gabbert,QB,5,91,40.4,925,5,6,50,40.4,10.2,154.2,68.4
2016,TAM,Jameis Winston,QB,16,345,47.8,4090,28,18,216,47.8,11.9,255.6,86.1
2016,TAM,Mike Glennon,QB,0,10,81.8,75,1,0,6,81.8,7.5,37.5,125.4
2016,TEN,Marcus Mariota,QB,15,276,45.1,3426,26,9,157,45.1,12.4,228.4,95.6
2016,TEN,Matt Cassel,QB,1,30,39.3,284,2,2,16,39.3,9.5,71.0,71.0
2016,TEN,DeMarco Murray,RB,16,1,50.0,10,1,0,1,50.0,10.0,0.6,104.2
2016,WAS,Kirk Cousins,QB,16,406,51.2,4917,25,12,227,51.2,12.1,307.3,97.2
2016,WAS,Tress Way,P,0,1,100.0,31,0,0,1,100.0,31.0,1.9,118.7
2015,ARI,Carson Palmer,QB,16,342,52.7,4671,35,11,231,52.7,13.7,291.9,104.6
2015,ARI,Drew Stanton,QB,0,11,37.0,104,0,2,6,37.0,9.5,14.9,22.7
2015,ATL,Matt Ryan,QB,16,407,50.8,4591,21,16,228,50.8,11.3,286.9,89.0
2015,ATL,Sean Renfree,QB,0,3,22.2,11,0,1,1,22.2,3.7,5.5,10.7
2015,BAL,Joe Flacco,QB,10,266,45.7,2791,14,12,125,45.7,10.5,279.1,83.1
2015,BAL,Ryan Mallett,QB,2,58,43.4,566,2,2,34,43.4,9.8,283.0,74.5
2015,BAL,Jimmy Clausen,QB,2,49,39.8,555,2,3,26,39.8,11.3,277.5,70.5
2015,BAL,Matt Schaub,QB,2,52,47.0,540,3,4,28,47.0,10.4,270.0,76.0
2015,BAL,Sam Koch,P,0,1,,-3,0,0,,,-3.0,-0.2,79.2
2015,BUF,Tyrod Taylor,QB,14,242,42.8,3035,20,6,129,42.8,12.5,216.8,99.4
2015,BUF,EJ Manuel,QB,2,52,46.7,561,3,3,26,46.7,10.8,80.1,78.5
2015,BUF,Chris Hogan,WR,4,1,100.0,4,0,0,0,100.0,4.0,0.3,83.3
2015,CAR,Cam Newton,QB,16,296,48.1,3837,35,10,195,48.1,13.0,239.8,99.4
2015,CAR,Derek Anderson,QB,0,4,33.3,36,0,0,2,33.3,9.0,12.0,82.6
2015,CHI,Jay Cutler,QB,15,311,47.1,3659,21,11,173,47.1,11.8,243.9,92.3
2015,CHI,Jimmy Clausen,QB,1,23,20.5,184,0,1,6,20.5,8.0,92.0,58.7
2015,CIN,Andy Dalton,QB,13,255,51.2,3250,25,7,148,51.2,12.7,250.0,106.2
2015,CIN,A.J. McCarron,QB,3,79,48.1,854,6,2,46,48.1,10.8,122.0,97.1
2015,CLE,Josh McCown,QB,8,186,43.2,2109,12,4,96,43.2,11.3,263.6,93.3
2015,CLE,Johnny Manziel,QB,6,129,41.3,1500,7,5,72,41.3,11.6,166.7,79.4
2015,CLE,Austin Davis,QB,2,56,41.0,547,1,3,25,41.0,9.8,182.3,66.2
2015,DAL,Matt Cassel,QB,7,119,38.5,1276,5,7,54,38.5,10.7,159.5,70.6
2015,DAL,Tony Romo,QB,4,83,50.4,884,5,7,47,50.4,10.7,221.0,79.4
2015,DAL,Kellen Moore,QB,2,61,46.8,779,4,6,40,46.8,12.8,259.7,71.0
2015,DAL,Brandon Weeden,QB,3,71,43.4,738,2,2,35,43.4,10.4,184.5,92.1
2015,DEN,Peyton Manning,QB,9,198,40.6,2249,9,17,110,40.6,11.4,224.9,67.9
2015,DEN,Brock Osweiler,QB,7,170,46.3,1967,10,6,92,46.3,11.6,245.9,86.4
2015,DET,Matthew Stafford,QB,16,398,49.4,4262,32,13,224,49.4,10.7,266.4,97.0
2015,DET,Dan Orlovsky,QB,0,22,42.5,201,1,1,13,42.5,9.1,100.5,66.8
2015,GNB,Aaron Rodgers,QB,16,347,43.0,3821,31,8,177,43.0,11.0,238.8,92.7
2015,GNB,Scott Tolzien,QB,0,1,,4,0,0,,,4.0,1.3,83.3
2015,HOU,Brian Hoyer,QB,9,224,46.7,2606,19,7,130,46.7,11.6,236.9,91.4
2015,HOU,Ryan Mallett,QB,4,78,39.7,770,3,4,43,39.7,9.9,128.3,63.6
2015,HOU,T.J. Yates,QB,2,28,33.9,370,3,1,19,33.9,13.2,92.5,80.3
2015,HOU,Brandon Weeden,QB,1,26,52.3,305,3,0,18,52.3,11.7,152.5,107.7
2015,HOU,B.J. Daniels,QB,0,1,,7,0,0,,,7.0,3.5,58.3
2015,HOU,Cecil Shorts,WR,4,1,0.0,21,1,0,0,0.0,21.0,1.9,158.3
2015,IND,Andrew Luck,QB,7,162,42.2,1881,15,12,92,42.2,11.6,268.7,74.9
2015,IND,Matt Hasselbeck,QB,8,156,44.1,1690,9,5,87,44.1,10.8,211.3,84.0
2015,IND,Charlie Whitehurst,QB,0,16,37.8,150,0,1,9,37.8,9.4,37.5,50.3
2015,IND,Josh Freeman,QB,1,15,37.9,149,1,1,7,37.9,9.9,149.0,65.9
2015,IND,Ryan Lindley,QB,0,6,60.0,58,1,0,4,60.0,9.7,58.0,109.6
2015,JAX,Blake Bortles,QB,16,355,45.1,4428,35,18,220,45.1,12.5,276.8,88.2
2015,KAN,Alex Smith,QB,16,307,43.9,3486,20,7,155,43.9,11.4,217.9,95.4
2015,KAN,Chase Daniel,QB,0,2,50.0,4,0,0,1,50.0,2.0,2.0,79.2
2015,KAN,Cairo Santos,K,0,1,,3,0,0,,,3.0,0.2,79.2
2015,LAC,Philip Rivers,QB,16,437,48.2,4792,29,13,227,48.2,11.0,299.5,93.8
2015,LAC,Kellen Clemens,QB,0,5,83.3,63,1,0,4,83.3,12.6,31.5,150.0
2015,LAR,Nick Foles,QB,11,190,33.0,2052,7,10,85,33.0,10.8,186.5,69.0
2015,LAR,Case Keenum,QB,5,76,45.0,828,4,1,42,45.0,10.9,138.0,87.7
2015,LAR,Sean Mannion,QB,0,6,42.9,31,0,0,2,42.9,5.2,31.0,85.1
2015,LAR,Johnny Hekker,P,0,1,25.0,20,0,0,1,25.0,20.0,1.3,47.9
2015,LVR,Derek Carr,QB,16,350,43.9,3987,32,13,188,43.9,11.4,249.2,91.1
2015,LVR,Matt McGloin,QB,0,23,55.9,142,2,1,10,55.9,6.2,71.0,88.3
2015,MIA,Ryan Tannehill,QB,16,363,42.0,4208,24,12,195,42.0,11.6,263.0,88.7
2015,MIA,Jarvis Landry,WR,14,1,100.0,9,0,0,1,100.0,9.0,0.6,104.2
2015,MIA,Matt Moore,QB,0,1,100.0,14,0,0,1,100.0,14.0,14.0,118.7
2015,MIN,Teddy Bridgewater,QB,16,292,40.9,3231,14,9,153,40.9,11.1,201.9,88.7
2015,MIN,Shaun Hill,QB,0,2,,15,0,0,,,7.5,5.0,39.6
2015,NOR,Drew Brees,QB,15,428,48.5,4870,32,11,228,48.5,11.4,324.7,101.0
2015,NOR,Luke McCown,QB,1,32,60.0,335,0,1,19,60.0,10.5,41.9,91.8
2015,NWE,Tom Brady,QB,16,402,47.4,4770,36,7,229,47.4,11.9,298.1,102.2
2015,NWE,Jimmy Garoppolo,QB,0,1,,6,0,0,,,6.0,1.2,39.6
2015,NWE,Danny Amendola,WR,7,1,100.0,36,0,0,1,100.0,36.0,2.6,118.7
2015,NYG,Eli Manning,QB,16,387,46.7,4432,35,14,206,46.7,11.5,277.0,93.6
2015,NYG,Ryan Nassib,QB,0,5,100.0,68,1,0,4,100.0,13.6,68.0,158.3
2015,NYJ,Ryan Fitzpatrick,QB,16,335,44.4,3905,31,15,197,44.4,11.7,244.1,88.0
2015,NYJ,Geno Smith,QB,0,27,53.3,265,2,1,14,53.3,9.8,265.0,87.9
2015,PHI,Sam Bradford,QB,14,346,45.2,3725,19,14,170,45.2,10.8,266.1,86.4
2015,PHI,Mark Sanchez,QB,2,59,45.0,616,4,4,30,45.0,10.4,154.0,80.7
2015,PIT,Ben Roethlisberger,QB,11,319,52.6,3938,21,16,175,52.6,12.3,328.2,94.5
2015,PIT,Michael Vick,QB,3,40,22.4,371,2,1,14,22.4,9.3,74.2,79.8
2015,PIT,Landry Jones,QB,2,32,45.6,513,3,4,19,45.6,16.0,73.3,77.3
2015,SEA,Russell Wilson,QB,16,329,50.8,4024,34,8,190,50.8,12.2,251.5,110.1
2015,SEA,Tarvaris Jackson,QB,0,4,42.9,37,0,0,3,42.9,9.3,9.3,83.3
2015,SFO,Blaine Gabbert,QB,8,178,38.4,2031,10,7,85,38.4,11.4,253.9,86.2
2015,SFO,Colin Kaepernick,QB,8,144,38.6,1615,6,5,73,38.6,11.2,179.4,78.5
2015,TAM,Jameis Winston,QB,16,312,45.6,4042,22,15,201,45.6,13.0,252.6,84.2
2015,TEN,Marcus Mariota,QB,12,230,44.9,2818,19,10,142,44.9,12.3,234.8,91.5
2015,TEN,Zach Mettenberger,QB,4,101,40.2,935,4,7,46,40.2,9.3,133.6,66.7
2015,TEN,Alex Tanney,QB,0,10,41.2,99,1,0,7,41.2,9.9,99.0,114.9
2015,TEN,Antonio Andrews,RB,10,1,100.0,41,1,0,1,100.0,41.0,2.9,158.3
2015,WAS,Kirk Cousins,QB,16,379,51.1,4166,29,11,205,51.1,11.0,260.4,101.6
2015,WAS,Colt McCoy,QB,0,7,41.7,128,1,0,4,41.7,18.3,64.0,133.9
2014,ARI,Drew Stanton,QB,8,132,39.4,1711,7,5,77,39.4,13.0,190.1,78.7
2014,ARI,Carson Palmer,QB,6,141,43.8,1626,11,3,82,43.8,11.5,271.0,95.6
2014,ARI,Ryan Lindley,QB,2,45,37.4,562,2,4,30,37.4,12.5,187.3,56.8
2014,ARI,Logan Thomas,QB,0,1,9.1,81,1,0,1,9.1,81.0,40.5,101.6
2014,ARI,Ted Ginn Jr.,WR,0,1,100.0,10,0,0,1,100.0,10.0,0.6,108.3
2014,ATL,Matt Ryan,QB,16,415,49.0,4694,28,14,233,49.0,11.3,293.4,93.9
2014,ATL,T.J. Yates,QB,0,3,75.0,64,0,1,3,75.0,21.3,64.0,77.1
2014,BAL,Joe Flacco,QB,16,344,47.8,3986,27,12,194,47.8,11.6,249.1,91.0
2014,BUF,Kyle Orton,QB,12,287,44.8,3018,18,10,148,44.8,10.5,251.5,87.8
2014,BUF,EJ Manuel,QB,4,76,42.3,838,5,3,41,42.3,11.0,167.6,80.3
2014,CAR,Cam Newton,QB,14,262,44.9,3127,18,12,156,44.9,11.9,223.4,82.1
2014,CAR,Derek Anderson,QB,2,65,53.5,701,5,0,44,53.5,10.8,116.8,105.2
2014,CHI,Jay Cutler,QB,15,370,46.6,3812,28,18,181,46.6,10.3,254.1,88.6
2014,CHI,Jimmy Clausen,QB,1,26,33.3,223,2,1,13,33.3,8.6,55.8,71.8
2014,CIN,Andy Dalton,QB,16,309,45.8,3398,19,17,160,45.8,11.0,212.4,83.5
2014,CIN,Jason Campbell,QB,0,11,35.0,74,0,0,3,35.0,6.7,18.5,66.6
2014,CIN,Mohamed Sanu,WR,13,3,75.0,79,1,0,3,75.0,26.3,4.9,158.3
2014,CLE,Brian Hoyer,QB,13,242,41.1,3326,12,13,163,41.1,13.7,237.6,76.5
2014,CLE,Johnny Manziel,QB,2,18,28.9,175,0,2,6,28.9,9.7,35.0,42.0
2014,CLE,Connor Shaw,QB,1,14,34.4,177,0,1,10,34.4,12.6,177.0,55.2
2014,DAL,Tony Romo,QB,15,304,53.4,3705,34,9,191,53.4,12.2,247.0,113.2
2014,DAL,Brandon Weeden,QB,1,24,42.9,303,3,2,16,42.9,12.6,60.6,85.7
2014,DEN,Peyton Manning,QB,16,395,51.6,4727,39,15,227,51.6,12.0,295.4,101.5
2014,DEN,Brock Osweiler,QB,0,4,30.0,52,1,0,2,30.0,13.0,13.0,90.4
2014,DET,Matthew Stafford,QB,16,363,43.3,4257,22,12,212,43.3,11.7,266.1,85.7
2014,DET,Sam Martin,P,0,2,50.0,27,0,0,1,50.0,13.5,1.7,118.7
2014,GNB,Aaron Rodgers,QB,16,341,52.4,4381,38,5,221,52.4,12.8,273.8,112.2
2014,GNB,Matt Flynn,QB,0,8,33.3,66,0,1,3,33.3,8.3,9.4,34.9
2014,HOU,Ryan Fitzpatrick,QB,12,197,45.9,2483,17,8,120,45.9,12.6,206.9,95.3
2014,HOU,Case Keenum,QB,2,45,43.8,435,2,2,21,43.8,9.7,217.5,72.2
2014,HOU,Ryan Mallett,QB,2,41,43.4,400,2,2,23,43.4,9.8,133.3,67.6
2014,HOU,Tom Savage,QB,0,10,35.0,127,0,1,6,35.0,12.7,63.5,51.9
2014,HOU,Arian Foster,RB,13,1,100.0,5,1,0,1,100.0,5.0,0.4,127.1
2014,HOU,Shane Lechler,P,0,1,100.0,10,0,0,1,100.0,10.0,0.6,108.3
2014,IND,Andrew Luck,QB,16,380,47.9,4761,40,16,235,47.9,12.5,297.6,96.5
2014,IND,Matt Hasselbeck,QB,0,30,47.8,301,2,0,17,47.8,10.0,75.3,102.6
2014,JAX,Blake Bortles,QB,13,280,37.9,2908,11,17,136,37.9,10.4,207.7,69.5
2014,JAX,Chad Henne,QB,3,42,31.9,492,3,1,19,31.9,11.7,164.0,80.7
2014,JAX,Cecil Shorts,WR,12,2,100.0,32,1,0,2,100.0,16.0,2.5,158.3
2014,JAX,Bryan Anger,P,0,1,100.0,19,0,0,1,100.0,19.0,1.2,118.7
2014,KAN,Alex Smith,QB,15,303,46.4,3265,18,6,179,46.4,10.8,217.7,93.4
2014,KAN,Chase Daniel,QB,1,16,31.3,157,0,0,8,31.3,9.8,52.3,73.1
2014,KAN,Dustin Colquitt,P,0,1,100.0,6,0,0,1,100.0,6.0,0.4,91.7
2014,LAC,Philip Rivers,QB,16,379,49.8,4286,31,18,213,49.8,11.3,267.9,93.8
2014,LAC,Kellen Clemens,QB,0,1,25.0,10,0,0,1,25.0,10.0,5.0,43.7
2014,LAR,Austin Davis,QB,8,180,46.6,2001,12,9,106,46.6,11.1,200.1,85.1
2014,LAR,Shaun Hill,QB,8,145,47.0,1657,8,7,82,47.0,11.4,184.1,83.9
2014,LAR,Johnny Hekker,P,0,2,100.0,37,0,0,2,100.0,18.5,2.3,118.7
2014,LVR,Derek Carr,QB,16,348,39.5,3270,21,12,163,39.5,9.4,204.4,76.6
2014,LVR,Matt McGloin,QB,0,12,45.0,129,1,2,6,45.0,10.8,129.0,61.0
2014,LVR,Matt Schaub,QB,0,5,38.5,57,0,2,4,38.5,11.4,5.2,27.9
2014,MIA,Ryan Tannehill,QB,16,392,47.3,4045,27,12,225,47.3,10.3,252.8,92.8
2014,MIA,Matt Moore,QB,0,2,50.0,21,0,0,2,50.0,10.5,10.5,65.6
2014,MIN,Teddy Bridgewater,QB,12,259,44.7,2919,14,12,137,44.7,11.3,224.5,85.2
2014,MIN,Matt Cassel,QB,3,41,39.0,425,3,4,21,39.0,10.4,141.7,65.8
2014,MIN,Christian Ponder,QB,1,22,34.0,222,0,2,13,34.0,10.1,111.0,45.8
2014,NOR,Drew Brees,QB,16,456,52.9,4952,33,17,259,52.9,10.9,309.5,97.0
2014,NWE,Tom Brady,QB,16,373,49.1,4109,33,9,221,49.1,11.0,256.8,97.4
2014,NWE,Jimmy Garoppolo,QB,0,19,34.4,182,1,0,8,34.4,9.6,30.3,101.2
2014,NYG,Eli Manning,QB,16,379,47.4,4410,30,14,219,47.4,11.6,275.6,92.1
2014,NYG,Ryan Nassib,QB,0,4,57.1,60,0,0,2,57.1,15.0,15.0,116.7
2014,NYJ,Geno Smith,QB,13,219,41.8,2525,13,13,119,41.8,11.5,180.4,77.5
2014,NYJ,Michael Vick,QB,3,64,35.0,604,3,2,33,35.0,9.4,60.4,68.3
2014,NYJ,Matt Simms,QB,0,3,37.5,39,0,0,2,37.5,13.0,39.0,53.6
2014,NYJ,Ryan Quigley,P,0,1,100.0,38,0,0,1,100.0,38.0,2.4,118.7
2014,PHI,Nick Foles,QB,8,186,44.1,2163,13,10,101,44.1,11.6,270.4,81.4
2014,PHI,Mark Sanchez,QB,8,198,50.6,2418,14,11,119,50.6,12.2,268.7,88.4
2014,PIT,Ben Roethlisberger,QB,16,408,51.6,4952,32,9,244,51.6,12.1,309.5,103.3
2014,PIT,Antonio Brown,WR,16,2,100.0,20,1,0,2,100.0,10.0,1.3,147.9
2014,PIT,Robert Golden,DB,0,1,100.0,25,0,0,1,100.0,25.0,1.6,118.7
2014,SEA,Russell Wilson,QB,16,285,42.5,3475,20,7,161,42.5,12.2,217.2,95.0
2014,SEA,Tarvaris Jackson,QB,0,1,,0,0,0,,,0.0,0.0,79.2
2014,SEA,Jermaine Kearse,WR,14,1,100.0,17,0,0,1,100.0,17.0,1.1,118.7
2014,SFO,Colin Kaepernick,QB,16,289,42.5,3369,19,10,164,42.5,11.7,210.6,86.4
2014,SFO,Blaine Gabbert,QB,0,3,42.9,38,1,0,2,42.9,12.7,38.0,100.0
2014,TAM,Josh McCown,QB,11,184,40.2,2206,11,14,100,40.2,12.0,200.5,70.5
2014,TAM,Mike Glennon,QB,5,117,42.0,1417,10,6,64,42.0,12.1,236.2,83.3
2014,TEN,Charlie Whitehurst,QB,5,105,38.4,1326,7,2,55,38.4,12.6,189.4,87.4
2014,TEN,Zach Mettenberger,QB,6,107,38.6,1412,8,7,56,38.6,13.2,201.7,83.4
2014,TEN,Jake Locker,QB,5,86,40.0,993,5,7,47,40.0,11.5,141.9,70.9
2014,TEN,Jordan Palmer,QB,0,1,,7,0,0,,,7.0,7.0,42.4
2014,WAS,Robert Griffin III,QB,7,147,41.3,1694,4,6,70,41.3,11.5,188.2,86.9
2014,WAS,Kirk Cousins,QB,5,126,48.1,1710,10,9,75,48.1,13.6,285.0,86.4
2014,WAS,Colt McCoy,QB,4,91,42.1,1057,4,3,44,42.1,11.6,211.4,96.4
2013,ARI,Carson Palmer,QB,16,362,46.5,4274,24,22,205,46.5,11.8,267.1,83.9
2013,ARI,Patrick Peterson,LCB,16,1,100.0,17,0,0,1,100.0,17.0,1.1,118.7
2013,ATL,Matt Ryan,QB,16,439,47.1,4515,26,17,228,47.1,10.3,282.2,89.6
2013,ATL,Dominique Davis,QB,0,5,57.1,34,0,0,2,57.1,6.8,34.0,81.8
2013,ATL,Shann Schillinger,DB,0,1,,-8,0,0,,,-8.0,-1.6,79.2
2013,BAL,Joe Flacco,QB,16,362,38.5,3912,19,22,191,38.5,10.8,244.5,73.1
2013,BAL,Tyrod Taylor,QB,0,1,0.0,2,0,1,0,0.0,2.0,0.7,0.0
2013,BUF,EJ Manuel,QB,10,180,40.7,1972,11,9,89,40.7,11.0,197.2,77.7
2013,BUF,Thaddeus Lewis,QB,5,93,38.3,1092,4,3,49,38.3,11.7,182.0,81.0
2013,BUF,Jeff Tuel,QB,1,26,34.4,309,1,3,15,34.4,11.9,154.5,45.1
2013,CAR,Cam Newton,QB,16,292,43.2,3379,24,13,172,43.2,11.6,211.2,88.8
2013,CHI,Jay Cutler,QB,11,224,45.2,2621,19,12,125,45.2,11.7,238.3,89.2
2013,CHI,Josh McCown,QB,5,149,51.9,1829,13,1,94,51.9,12.3,228.6,109.0
2013,CIN,Andy Dalton,QB,16,363,45.7,4293,33,20,206,45.7,11.8,268.3,88.8
2013,CIN,Mohamed Sanu,WR,14,1,100.0,25,0,0,1,100.0,25.0,1.6,118.7
2013,CLE,Jason Campbell,QB,8,180,39.3,2015,11,8,86,39.3,11.2,223.9,76.9
2013,CLE,Brandon Weeden,QB,5,141,35.0,1731,9,9,81,35.0,12.3,216.4,70.3
2013,CLE,Brian Hoyer,QB,3,57,45.1,615,5,3,33,45.1,10.8,205.0,82.6
2013,CLE,Spencer Lanning,P,0,1,100.0,11,1,0,1,100.0,11.0,0.7,152.1
2013,DAL,Tony Romo,QB,15,342,49.1,3828,31,10,198,49.1,11.2,255.2,96.7
2013,DAL,Kyle Orton,QB,1,33,51.0,398,2,2,19,51.0,12.1,132.7,85.3
2013,DEN,Peyton Manning,QB,16,450,55.2,5477,55,10,291,55.2,12.2,342.3,115.1
2013,DEN,Brock Osweiler,QB,0,11,38.9,95,0,0,4,38.9,8.6,23.8,84.1
2013,DET,Matthew Stafford,QB,16,371,46.9,4650,29,19,223,46.9,12.5,290.6,84.2
2013,GNB,Aaron Rodgers,QB,9,193,50.2,2536,17,6,108,50.2,13.1,281.8,104.9
2013,GNB,Matt Flynn,QB,4,102,43.7,1146,7,4,58,43.7,11.2,229.2,86.1
2013,GNB,Scott Tolzien,QB,2,55,48.4,717,1,5,29,48.4,13.0,239.0,66.8
2013,GNB,Seneca Wallace,QB,1,16,42.9,139,0,1,7,42.9,8.7,69.5,64.4
2013,HOU,Matt Schaub,QB,8,219,42.2,2310,10,14,116,42.2,10.5,231.0,73.0
2013,HOU,Case Keenum,QB,8,137,38.2,1760,9,6,76,38.2,12.8,220.0,78.2
2013,HOU,T.J. Yates,QB,0,15,41.7,113,0,2,7,41.7,7.5,37.7,42.4
2013,IND,Andrew Luck,QB,16,343,44.7,3822,23,9,189,44.7,11.1,238.9,87.0
2013,IND,Matt Hasselbeck,QB,0,7,58.3,130,0,1,6,58.3,18.6,43.3,61.1
2013,JAX,Chad Henne,QB,13,305,41.8,3241,13,14,152,41.8,10.6,216.1,76.5
2013,JAX,Blaine Gabbert,QB,3,42,28.6,481,1,7,23,28.6,11.5,160.3,36.0
2013,JAX,Maurice Jones-Drew,RB,15,1,100.0,8,1,0,1,100.0,8.0,0.5,139.6
2013,JAX,Ace Sanders,WR,4,1,100.0,21,1,0,1,100.0,21.0,1.4,158.3
2013,KAN,Alex Smith,QB,15,308,42.0,3313,23,7,168,42.0,10.8,220.9,89.1
2013,KAN,Chase Daniel,QB,1,25,37.5,248,1,1,14,37.5,9.9,49.6,81.9
2013,LAC,Philip Rivers,QB,16,378,55.7,4478,32,11,233,55.7,11.8,279.9,105.5
2013,LAR,Sam Bradford,QB,7,159,45.8,1687,14,4,86,45.8,10.6,241.0,90.9
2013,LAR,Kellen Clemens,QB,9,142,40.3,1673,8,7,81,40.3,11.8,167.3,78.8
2013,LVR,Terrelle Pryor,QB,9,156,39.3,1798,7,11,86,39.3,11.5,163.5,69.1
2013,LVR,Matt McGloin,QB,6,118,40.1,1547,8,8,70,40.1,13.1,221.0,76.1
2013,LVR,Matt Flynn,QB,1,22,43.9,246,1,1,12,43.9,11.2,123.0,83.7
2013,LVR,Darren McFadden,RB,7,1,100.0,16,1,0,1,100.0,16.0,1.6,158.3
2013,LVR,Marcel Reece,RB,15,1,100.0,22,0,0,1,100.0,22.0,1.4,118.7
2013,MIA,Ryan Tannehill,QB,16,355,44.1,3913,24,17,204,44.1,11.0,244.6,81.7
2013,MIA,Matt Moore,QB,0,2,16.7,53,0,2,1,16.7,26.5,53.0,27.1
2013,MIN,Matt Cassel,QB,6,153,41.1,1807,11,9,83,41.1,11.8,200.8,81.6
2013,MIN,Christian Ponder,QB,9,152,42.5,1648,7,9,83,42.5,10.8,183.1,77.9
2013,MIN,Josh Freeman,QB,1,20,25.9,190,0,1,10,25.9,9.5,190.0,40.6
2013,NOR,Drew Brees,QB,16,446,52.0,5162,39,12,246,52.0,11.6,322.6,104.7
2013,NWE,Tom Brady,QB,16,380,45.2,4343,25,11,226,45.2,11.4,271.4,87.3
2013,NYG,Eli Manning,QB,16,317,41.9,3818,18,27,174,41.9,12.0,238.6,69.4
2013,NYG,Curtis Painter,QB,0,8,29.4,57,0,2,2,29.4,7.1,19.0,19.0
2013,NYJ,Geno Smith,QB,16,247,39.5,3046,12,21,148,39.5,12.3,190.4,66.5
2013,NYJ,Matt Simms,QB,0,16,31.4,156,1,1,8,31.4,9.8,52.0,63.4
2013,NYJ,Josh Cribbs,WR,0,2,66.7,38,0,0,2,66.7,19.0,6.3,109.7
2013,NYJ,Bilal Powell,RB,11,1,100.0,30,0,0,1,100.0,30.0,1.9,118.7
2013,PHI,Nick Foles,QB,10,203,47.0,2891,27,2,130,47.0,14.2,222.4,119.2
2013,PHI,Michael Vick,QB,6,77,40.4,1215,5,3,52,40.4,15.8,173.6,86.5
2013,PHI,Matt Barkley,QB,0,30,48.1,300,0,4,17,48.1,10.0,100.0,44.6
2013,PIT,Ben Roethlisberger,QB,16,375,47.4,4261,28,14,211,47.4,11.4,266.3,92.0
2013,PIT,Antonio Brown,WR,14,1,50.0,15,0,0,1,50.0,15.0,0.9,118.7
2013,PIT,Mat McBriar,P,0,1,100.0,30,0,0,1,100.0,30.0,3.3,118.7
2013,SEA,Russell Wilson,QB,16,257,44.8,3357,26,9,157,44.8,13.1,209.8,101.2
2013,SEA,Tarvaris Jackson,QB,0,10,69.2,151,1,0,7,69.2,15.1,50.3,140.2
2013,SFO,Colin Kaepernick,QB,16,243,43.1,3197,21,8,148,43.1,13.2,199.8,91.6
2013,SFO,Colt McCoy,QB,0,1,100.0,13,0,0,1,100.0,13.0,3.3,118.7
2013,TAM,Mike Glennon,QB,13,247,39.3,2608,19,9,128,39.3,10.6,200.6,83.9
2013,TAM,Josh Freeman,QB,3,43,32.7,571,2,3,30,32.7,13.3,190.3,59.3
2013,TAM,Mike James,RB,3,1,100.0,2,1,0,1,100.0,2.0,0.3,118.7
2013,TEN,Ryan Fitzpatrick,QB,9,217,43.9,2454,14,12,119,43.9,11.3,223.1,82.0
2013,TEN,Jake Locker,QB,7,111,42.2,1256,8,4,58,42.2,11.3,179.4,86.7
2013,WAS,Robert Griffin III,QB,13,274,44.3,3203,16,12,159,44.3,11.7,246.4,82.2
2013,WAS,Kirk Cousins,QB,3,81,38.1,854,4,7,42,38.1,10.5,170.8,58.4
2012,ARI,John Skelton,QB,6,109,37.0,1132,2,9,55,37.0,10.4,161.7,55.4
2012,ARI,Kevin Kolb,QB,5,109,40.0,1169,8,3,63,40.0,10.7,194.8,86.1
2012,ARI,Ryan Lindley,QB,4,89,30.6,752,0,7,39,30.6,8.4,125.3,46.7
2012,ARI,Brian Hoyer,QB,1,30,38.6,330,1,2,12,38.6,11.0,165.0,65.8
2012,ATL,Matt Ryan,QB,16,422,52.7,4719,32,14,248,52.7,11.2,294.9,99.1
2012,BAL,Joe Flacco,QB,16,317,43.1,3817,22,10,178,43.1,12.0,238.6,87.7
2012,BAL,Tyrod Taylor,QB,0,17,40.6,179,0,1,8,40.6,10.5,25.6,62.3
2012,BUF,Ryan Fitzpatrick,QB,16,306,43.6,3400,24,16,175,43.6,11.1,212.5,83.3
2012,BUF,Tyler Thigpen,QB,0,3,40.0,30,0,0,2,40.0,10.0,7.5,77.1
2012,CAR,Cam Newton,QB,16,280,43.0,3869,19,12,171,43.0,13.8,241.8,86.2
2012,CAR,Derek Anderson,QB,0,4,100.0,58,0,0,3,100.0,14.5,29.0,118.7
2012,CHI,Jay Cutler,QB,15,255,40.3,3033,19,14,152,40.3,11.9,202.2,81.3
2012,CHI,Jason Campbell,QB,1,32,33.3,265,2,2,10,33.3,8.3,44.2,72.8
2012,CIN,Andy Dalton,QB,16,329,44.9,3669,27,16,172,44.9,11.2,229.3,87.4
2012,CIN,Bruce Gradkowski,QB,0,5,18.2,65,0,0,1,18.2,13.0,32.5,64.6
2012,CIN,Mohamed Sanu,WR,3,1,100.0,73,1,0,1,100.0,73.0,8.1,158.3
2012,CLE,Brandon Weeden,QB,15,297,40.7,3385,14,17,169,40.7,11.4,225.7,72.6
2012,CLE,Thaddeus Lewis,QB,1,22,54.3,204,1,1,12,54.3,9.3,204.0,83.3
2012,CLE,Colt McCoy,QB,0,9,28.6,79,1,0,5,28.6,8.8,26.3,85.2
2012,DAL,Tony Romo,QB,16,425,51.5,4903,28,19,232,51.5,11.5,306.4,90.5
2012,DAL,Kyle Orton,QB,0,9,90.0,89,1,0,6,90.0,9.9,89.0,137.1
2012,DEN,Peyton Manning,QB,16,400,54.0,4659,37,11,231,54.0,11.6,291.2,105.8
2012,DEN,Brock Osweiler,QB,0,2,50.0,12,0,0,2,50.0,6.0,2.4,56.2
2012,DET,Matthew Stafford,QB,16,435,47.5,4967,20,17,267,47.5,11.4,310.4,79.8
2012,DET,Shaun Hill,QB,0,10,69.2,172,2,0,8,69.2,17.2,172.0,157.9
2012,GNB,Aaron Rodgers,QB,16,371,49.8,4295,39,8,215,49.8,11.6,268.4,108.0
2012,GNB,Graham Harrell,QB,0,2,25.0,20,0,0,1,25.0,10.0,5.0,64.6
2012,GNB,Tim Masthay,P,0,1,50.0,27,1,0,1,50.0,27.0,1.7,135.4
2012,HOU,Matt Schaub,QB,16,350,47.5,4008,22,12,203,47.5,11.5,250.5,90.7
2012,HOU,T.J. Yates,QB,0,4,27.3,38,0,1,3,27.3,9.5,9.5,11.7
2012,IND,Andrew Luck,QB,16,339,43.4,4374,23,18,208,43.4,12.9,273.4,76.5
2012,JAX,Chad Henne,QB,6,166,38.4,2084,11,11,86,38.4,12.6,208.4,72.2
2012,JAX,Blaine Gabbert,QB,10,162,37.3,1662,9,6,72,37.3,10.3,166.2,77.4
2012,KAN,Matt Cassel,QB,8,161,40.2,1796,6,12,97,40.2,11.2,199.6,66.7
2012,KAN,Brady Quinn,QB,8,112,33.9,1141,2,8,49,33.9,10.2,114.1,60.1
2012,LAC,Philip Rivers,QB,16,338,44.1,3606,26,15,184,44.1,10.7,225.4,88.6
2012,LAR,Sam Bradford,QB,16,328,43.5,3702,21,13,185,43.5,11.3,231.4,82.6
2012,LAR,Kellen Clemens,QB,0,1,33.3,39,0,1,1,33.3,39.0,19.5,42.4
2012,LAR,Johnny Hekker,P,0,3,100.0,42,1,0,3,100.0,14.0,2.6,158.3
2012,LVR,Carson Palmer,QB,15,345,44.0,4018,22,14,188,44.0,11.6,267.9,85.3
2012,LVR,Matt Leinart,QB,0,16,23.5,115,0,1,7,23.5,7.2,57.5,44.4
2012,LVR,Terrelle Pryor,QB,1,14,40.0,155,2,1,9,40.0,11.1,51.7,70.8
2012,LVR,Shane Lechler,P,0,1,,4,0,0,,,4.0,0.3,83.3
2012,MIA,Ryan Tannehill,QB,16,282,42.0,3294,12,13,151,42.0,11.7,205.9,76.1
2012,MIA,Matt Moore,QB,0,11,42.9,131,1,0,7,42.9,11.9,65.5,96.6
2012,MIN,Christian Ponder,QB,16,300,43.9,2935,18,12,166,43.9,9.8,183.4,81.2
2012,NOR,Drew Brees,QB,16,422,50.3,5177,43,19,266,50.3,12.3,323.6,96.3
2012,NOR,Chase Daniel,QB,0,1,100.0,10,0,0,1,100.0,10.0,0.6,108.3
2012,NWE,Tom Brady,QB,16,401,52.7,4827,34,8,256,52.7,12.0,301.7,98.7
2012,NWE,Ryan Mallett,QB,0,1,25.0,17,0,1,1,25.0,17.0,4.3,5.2
2012,NYG,Eli Manning,QB,16,321,46.7,3948,26,15,187,46.7,12.3,246.8,87.2
2012,NYG,David Carr,QB,0,2,50.0,19,0,0,1,50.0,9.5,9.5,84.0
2012,NYJ,Mark Sanchez,QB,15,246,40.9,2883,13,18,146,40.9,11.7,192.2,66.9
2012,NYJ,Greg McElroy,QB,1,19,35.7,214,1,1,13,35.7,11.3,107.0,79.2
2012,NYJ,Tim Tebow,QB,2,6,40.0,39,0,0,2,40.0,6.5,3.3,84.9
2012,NYJ,Jeremy Kerley,WR,7,1,100.0,42,0,0,1,100.0,42.0,2.6,118.7
2012,PHI,Michael Vick,QB,10,204,40.9,2362,12,10,115,40.9,11.6,236.2,78.1
2012,PHI,Nick Foles,QB,6,161,40.4,1699,6,5,78,40.4,10.6,242.7,79.1
2012,PHI,Trent Edwards,QB,0,2,,14,0,0,,,7.0,14.0,95.8
2012,PIT,Ben Roethlisberger,QB,13,284,48.6,3265,26,8,167,48.6,11.5,251.2,97.0
2012,PIT,Charlie Batch,QB,2,45,45.2,475,1,4,22,45.2,10.6,237.5,64.9
2012,PIT,Byron Leftwich,QB,1,25,32.1,272,0,1,13,32.1,10.9,136.0,54.9
2012,SEA,Russell Wilson,QB,16,252,48.1,3118,26,10,153,48.1,12.4,194.9,100.0
2012,SEA,Matt Flynn,QB,0,5,22.2,68,0,0,3,22.2,13.6,22.7,79.9
2012,SEA,Sidney Rice,WR,16,1,50.0,25,0,0,1,50.0,25.0,1.6,95.8
2012,SEA,Golden Tate,WR,15,1,100.0,23,1,0,1,100.0,23.0,1.5,158.3
2012,SFO,Colin Kaepernick,QB,7,136,47.0,1814,10,3,86,47.0,13.3,139.5,98.3
2012,SFO,Alex Smith,QB,9,153,50.0,1737,13,5,87,50.0,11.4,173.7,104.1
2012,TAM,Josh Freeman,QB,16,306,41.4,4065,27,17,186,41.4,13.3,254.1,81.6
2012,TAM,Dan Orlovsky,QB,0,4,42.9,51,0,0,2,42.9,12.8,51.0,80.1
2012,TAM,Mike Williams,WR,16,1,100.0,28,0,0,1,100.0,28.0,1.8,118.7
2012,TEN,Jake Locker,QB,11,177,38.1,2176,10,11,94,38.1,12.3,197.8,74.0
2012,TEN,Matt Hasselbeck,QB,5,138,45.1,1367,7,5,71,45.1,9.9,170.9,81.0
2012,TEN,Rusty Smith,QB,0,3,40.0,34,0,0,2,40.0,11.3,34.0,80.4
2012,WAS,Robert Griffin III,QB,15,258,45.6,3200,20,5,151,45.6,12.4,213.3,102.4
2012,WAS,Kirk Cousins,QB,1,33,47.1,466,4,3,20,47.1,14.1,155.3,101.6
2011,ARI,John Skelton,QB,7,151,41.9,1913,11,14,81,41.9,12.7,239.1,68.9
2011,ARI,Kevin Kolb,QB,9,146,40.3,1955,9,8,87,40.3,13.4,217.2,81.1
2011,ARI,Richard Bartel,QB,0,10,26.1,86,1,1,5,26.1,8.6,43.0,52.5
2011,ATL,Matt Ryan,QB,16,347,47.3,4177,29,12,208,47.3,12.0,261.1,92.2
2011,ATL,Chris Redman,QB,0,18,46.4,188,0,1,9,46.4,10.4,37.6,68.7
2011,BAL,Joe Flacco,QB,16,312,42.1,3610,20,12,180,42.1,11.6,225.6,80.9
2011,BAL,Ray Rice,RB,16,1,100.0,1,1,0,1,100.0,1.0,0.1,118.7
2011,BAL,Tyrod Taylor,QB,0,1,,18,0,0,,,18.0,6.0,118.7
2011,BUF,Ryan Fitzpatrick,QB,16,353,42.8,3832,24,23,179,42.8,10.9,239.5,79.1
2011,BUF,Tyler Thigpen,QB,0,3,25.0,25,0,1,2,25.0,8.3,8.3,6.8
2011,CAR,Cam Newton,QB,16,310,44.2,4051,21,17,176,44.2,13.1,253.2,84.5
2011,CAR,Armanti Edwards,QB,0,1,100.0,11,0,0,1,100.0,11.0,0.7,112.5
2011,CAR,Legedu Naanee,WR,10,1,100.0,27,0,0,1,100.0,27.0,1.8,118.7
2011,CHI,Jay Cutler,QB,10,182,41.8,2319,13,7,107,41.8,12.7,231.9,85.7
2011,CHI,Caleb Hanie,QB,4,51,31.4,613,3,9,29,31.4,12.0,102.2,41.8
2011,CHI,Josh McCown,QB,2,35,46.8,414,2,4,18,46.8,11.8,138.0,68.3
2011,CIN,Andy Dalton,QB,16,300,39.4,3398,20,13,151,39.4,11.3,212.4,80.4
2011,CIN,Bruce Gradkowski,QB,0,8,26.3,109,1,1,4,26.3,13.6,54.5,59.7
2011,CLE,Colt McCoy,QB,13,265,42.4,2733,14,11,142,42.4,10.3,210.2,74.6
2011,CLE,Seneca Wallace,QB,3,55,35.4,567,2,2,29,35.4,10.3,94.5,65.4
2011,DAL,Tony Romo,QB,16,346,49.6,4184,31,10,203,49.6,12.1,261.5,102.5
2011,DAL,Stephen McGee,QB,0,24,31.7,182,1,0,11,31.7,7.6,182.0,83.4
2011,DAL,Jon Kitna,QB,0,6,60.0,87,1,2,4,60.0,14.5,29.0,82.1
2011,DEN,Tim Tebow,QB,11,126,33.6,1729,12,6,77,33.6,13.7,123.5,72.9
2011,DEN,Kyle Orton,QB,5,91,42.7,979,8,7,56,42.7,10.8,195.8,75.7
2011,DET,Matthew Stafford,QB,16,421,49.8,5038,41,16,243,49.8,12.0,314.9,97.2
2011,DET,Shaun Hill,QB,0,2,33.3,33,0,0,1,33.3,16.5,16.5,103.5
2011,GNB,Aaron Rodgers,QB,15,343,53.0,4643,45,6,209,53.0,13.5,309.5,122.5
2011,GNB,Matt Flynn,QB,1,33,57.4,518,6,2,22,57.4,15.7,103.6,124.8
2011,HOU,Matt Schaub,QB,10,178,50.0,2479,15,6,118,50.0,13.9,247.9,96.8
2011,HOU,T.J. Yates,QB,5,82,42.3,949,3,3,48,42.3,11.6,158.2,80.7
2011,HOU,Jake Delhomme,QB,0,18,43.3,211,1,0,9,43.3,11.7,211.0,99.0
2011,HOU,Matt Leinart,QB,1,10,38.5,57,1,0,1,38.5,5.7,28.5,110.1
2011,IND,Curtis Painter,QB,8,132,37.1,1541,6,9,71,37.1,11.7,171.2,66.6
2011,IND,Dan Orlovsky,QB,5,122,47.8,1201,6,4,71,47.8,9.8,150.1,82.4
2011,IND,Kerry Collins,QB,3,48,37.9,481,2,1,29,37.9,10.0,160.3,65.9
2011,JAX,Blaine Gabbert,QB,14,210,32.2,2214,12,11,111,32.2,10.5,147.6,65.4
2011,JAX,Luke McCown,QB,2,30,33.3,296,0,4,13,33.3,9.9,74.0,39.0
2011,KAN,Matt Cassel,QB,9,160,39.2,1713,10,9,84,39.2,10.7,190.3,76.6
2011,KAN,Tyler Palko,QB,4,80,37.9,796,2,7,40,37.9,10.0,132.7,59.8
2011,KAN,Kyle Orton,QB,3,59,49.0,779,1,2,41,49.0,13.2,194.8,81.1
2011,LAC,Philip Rivers,QB,16,366,49.3,4624,27,20,234,49.3,12.6,289.0,88.7
2011,LAR,Sam Bradford,QB,10,191,37.4,2164,6,6,104,37.4,11.3,216.4,70.5
2011,LAR,A.J. Feeley,QB,3,53,36.4,548,1,2,27,36.4,10.3,109.6,66.0
2011,LAR,Kellen Clemens,QB,3,48,41.0,546,2,1,30,41.0,11.4,182.0,73.8
2011,LVR,Carson Palmer,QB,9,199,47.2,2753,13,16,123,47.2,13.8,275.3,80.5
2011,LVR,Jason Campbell,QB,6,100,46.5,1170,6,4,56,46.5,11.7,195.0,84.2
2011,LVR,Kyle Boller,QB,1,15,32.3,161,0,3,7,32.3,10.7,80.5,31.1
2011,LVR,Shane Lechler,P,0,1,33.3,35,1,0,1,33.3,35.0,2.2,118.1
2011,MIA,Matt Moore,QB,12,210,41.3,2497,16,9,122,41.3,11.9,192.1,87.1
2011,MIA,Chad Henne,QB,4,64,39.8,868,4,4,41,39.8,13.6,217.0,79.0
2011,MIA,J.P. Losman,QB,0,6,20.0,60,0,0,3,20.0,10.0,30.0,77.1
2011,MIN,Christian Ponder,QB,10,158,36.4,1853,13,13,92,36.4,11.7,168.5,70.1
2011,MIN,Donovan McNabb,QB,6,94,40.1,1026,4,2,52,40.1,10.9,171.0,82.9
2011,MIN,Joe Webb,QB,1,34,36.4,376,3,2,17,36.4,11.1,34.2,74.6
2011,NOR,Drew Brees,QB,16,468,56.5,5476,46,14,279,56.5,11.7,342.3,110.6
2011,NOR,Chase Daniel,QB,0,4,40.0,29,0,0,2,40.0,7.3,1.8,90.8
2011,NWE,Tom Brady,QB,16,401,55.5,5235,39,12,262,55.5,13.1,327.2,105.6
2011,NWE,Brian Hoyer,QB,0,1,100.0,22,0,0,1,100.0,22.0,7.3,118.7
2011,NYG,Eli Manning,QB,16,359,48.3,4933,29,16,218,48.3,13.7,308.3,92.9
2011,NYJ,Mark Sanchez,QB,16,308,40.2,3474,26,18,172,40.2,11.3,217.1,78.2
2011,NYJ,Mark Brunell,QB,0,1,33.3,27,0,0,1,33.3,27.0,1.7,67.4
2011,NYJ,Jeremy Kerley,WR,1,1,100.0,41,0,0,1,100.0,41.0,2.9,118.7
2011,PHI,Michael Vick,QB,13,253,48.0,3303,18,14,154,48.0,13.1,254.1,84.9
2011,PHI,Vince Young,QB,3,66,43.4,866,4,9,39,43.4,13.1,144.3,60.8
2011,PHI,Mike Kafka,QB,0,11,41.2,107,0,2,3,41.2,9.7,26.8,47.7
2011,PIT,Ben Roethlisberger,QB,15,324,48.5,4077,21,14,210,48.5,12.6,271.8,90.1
2011,PIT,Charlie Batch,QB,1,15,42.3,208,0,1,9,42.3,13.9,52.0,72.9
2011,PIT,Emmanuel Sanders,WR,0,1,100.0,15,0,0,1,100.0,15.0,1.4,118.7
2011,PIT,Daniel Sepulveda,P,0,1,100.0,33,0,0,1,100.0,33.0,4.1,118.7
2011,SEA,Tarvaris Jackson,QB,14,271,41.3,3091,14,13,139,41.3,11.4,206.1,79.2
2011,SEA,Charlie Whitehurst,QB,2,27,29.7,298,1,1,14,29.7,11.0,99.3,62.9
2011,SEA,Sidney Rice,WR,9,1,100.0,55,0,0,1,100.0,55.0,6.1,118.7
2011,SFO,Alex Smith,QB,16,273,42.3,3144,17,5,145,42.3,11.5,196.5,90.7
2011,SFO,Colin Kaepernick,QB,0,3,40.0,35,0,0,2,40.0,11.7,11.7,81.2
2011,SFO,David Akers,K,0,1,100.0,14,1,0,1,100.0,14.0,0.9,158.3
2011,TAM,Josh Freeman,QB,15,346,45.3,3592,16,22,170,45.3,10.4,239.5,74.6
2011,TAM,Josh Johnson,QB,1,19,38.5,246,1,2,12,38.5,12.9,27.3,60.6
2011,TEN,Matt Hasselbeck,QB,16,319,42.3,3571,18,14,163,42.3,11.2,223.2,82.4
2011,TEN,Jake Locker,QB,0,34,39.4,542,4,0,22,39.4,15.9,108.4,99.4
2011,WAS,Rex Grossman,QB,13,265,43.7,3151,16,20,161,43.7,11.9,242.4,72.4
2011,WAS,John Beck,QB,3,80,41.2,858,2,4,44,41.2,10.7,214.5,72.1
2011,WAS,Brandon Banks,WR,0,1,100.0,49,1,0,1,100.0,49.0,3.1,158.3
2010,ARI,Derek Anderson,QB,9,169,37.5,2065,7,10,96,37.5,12.2,172.1,65.9
2010,ARI,John Skelton,QB,4,60,32.6,662,2,2,31,32.6,11.0,132.4,62.3
2010,ARI,Max Hall,QB,3,39,31.5,370,1,6,19,31.5,9.5,61.7,35.7
2010,ARI,Richard Bartel,QB,0,16,43.3,150,0,1,7,43.3,9.4,150.0,57.1
2010,ARI,Steve Breaston,WR,11,1,50.0,17,0,0,1,50.0,17.0,1.3,79.2
2010,ATL,Matt Ryan,QB,16,357,46.1,3705,28,9,202,46.1,10.4,231.6,91.0
2010,ATL,Chris Redman,QB,0,4,33.3,20,0,0,1,33.3,5.0,10.0,71.5
2010,BAL,Joe Flacco,QB,16,306,44.0,3622,25,10,174,44.0,11.8,226.4,93.6
2010,BAL,Anquan Boldin,WR,16,1,0.0,-6,0,0,0,0.0,-6.0,-0.4,79.2
2010,BAL,Sam Koch,P,0,1,100.0,13,0,0,1,100.0,13.0,0.8,118.7
2010,BUF,Ryan Fitzpatrick,QB,13,255,41.7,3000,23,15,151,41.7,11.8,230.8,81.8
2010,BUF,Trent Edwards,QB,2,29,32.2,241,1,2,10,32.2,8.3,120.5,58.3
2010,BUF,Brian Brohm,QB,1,10,23.1,106,0,3,4,23.1,10.6,106.0,17.9
2010,BUF,Levi Brown,QB,0,2,66.7,24,0,1,1,66.7,12.0,24.0,51.4
2010,CAR,Jimmy Clausen,QB,10,157,31.3,1558,3,9,73,31.3,9.9,119.8,58.4
2010,CAR,Matt Moore,QB,5,79,42.3,857,5,10,47,42.3,10.8,142.8,55.6
2010,CAR,Brian St. Pierre,QB,1,13,16.1,173,1,2,3,16.1,13.3,173.0,48.7
2010,CAR,Tony Pike,QB,0,6,38.5,47,0,0,3,38.5,7.8,47.0,60.1
2010,CAR,Armanti Edwards,QB,0,1,,0,0,0,,,0.0,0.0,79.2
2010,CHI,Jay Cutler,QB,15,261,43.6,3274,23,16,159,43.6,12.5,218.3,86.3
2010,CHI,Todd Collins,QB,1,10,27.6,68,0,5,3,27.6,6.8,34.0,5.9
2010,CHI,Caleb Hanie,QB,0,5,22.2,55,0,0,2,22.2,11.0,27.5,94.3
2010,CIN,Carson Palmer,QB,16,362,48.4,3970,26,20,206,48.4,11.0,248.1,82.4
2010,CIN,Jordan Palmer,QB,0,3,60.0,18,0,0,1,60.0,6.0,18.0,91.7
2010,CLE,Colt McCoy,QB,8,135,43.3,1576,6,9,77,43.3,11.7,197.0,74.5
2010,CLE,Jake Delhomme,QB,4,93,36.1,872,2,7,36,36.1,9.4,174.4,63.4
2010,CLE,Seneca Wallace,QB,4,64,42.1,694,4,2,35,42.1,10.8,86.8,88.5
2010,CLE,Josh Cribbs,WR,5,2,50.0,19,0,0,2,50.0,9.5,1.3,84.0
2010,CLE,Peyton Hillis,RB,14,1,50.0,13,0,0,1,50.0,13.0,0.8,70.8
2010,CLE,Mohamed Massaquoi,WR,14,1,100.0,29,1,0,1,100.0,29.0,1.9,158.3
2010,DAL,Jon Kitna,QB,9,209,46.6,2365,16,12,97,46.6,11.3,236.5,88.9
2010,DAL,Tony Romo,QB,6,148,46.8,1605,11,7,73,46.8,10.8,267.5,94.9
2010,DAL,Stephen McGee,QB,1,22,31.9,238,2,0,9,31.9,10.8,119.0,81.4
2010,DEN,Kyle Orton,QB,13,293,42.7,3653,20,9,173,42.7,12.5,281.0,87.5
2010,DEN,Tim Tebow,QB,3,41,40.9,654,5,3,31,40.9,16.0,72.7,82.1
2010,DET,Shaun Hill,QB,10,257,45.7,2686,16,12,120,45.7,10.5,244.2,81.3
2010,DET,Drew Stanton,QB,3,69,40.8,780,4,3,39,40.8,11.3,130.0,78.4
2010,DET,Matthew Stafford,QB,3,57,40.0,535,6,1,28,40.0,9.4,178.3,91.3
2010,GNB,Aaron Rodgers,QB,15,312,51.4,3922,28,11,183,51.4,12.6,261.5,101.2
2010,GNB,Matt Flynn,QB,1,40,42.5,433,3,2,21,42.5,10.8,61.9,82.4
2010,HOU,Matt Schaub,QB,16,365,47.9,4370,24,12,221,47.9,12.0,273.1,92.0
2010,IND,Peyton Manning,QB,16,450,54.1,4700,33,17,253,54.1,10.4,293.8,91.9
2010,JAX,David Garrard,QB,14,236,44.4,2734,23,15,130,44.4,11.6,195.3,90.8
2010,JAX,Trent Edwards,QB,1,26,39.6,280,1,3,13,39.6,10.8,93.3,51.4
2010,JAX,Todd Bouman,QB,1,18,37.1,222,2,2,12,37.1,12.3,222.0,68.5
2010,JAX,Luke McCown,QB,0,11,42.1,120,0,0,6,42.1,10.9,120.0,76.6
2010,KAN,Matt Cassel,QB,15,262,45.8,3116,27,7,164,45.8,11.9,207.7,93.0
2010,KAN,Brodie Croyle,QB,1,8,13.0,38,0,1,2,13.0,4.8,19.0,27.7
2010,KAN,Tyler Palko,QB,0,4,37.5,35,0,0,2,37.5,8.8,17.5,81.9
2010,LAC,Philip Rivers,QB,16,357,49.9,4710,30,13,234,49.9,13.2,294.4,101.8
2010,LAC,Mike Scifres,P,0,1,100.0,28,0,0,1,100.0,28.0,1.8,118.7
2010,LAC,Billy Volek,QB,0,1,100.0,8,0,0,1,100.0,8.0,2.7,100.0
2010,LAR,Sam Bradford,QB,16,354,42.1,3512,18,15,179,42.1,9.9,219.5,76.5
2010,LVR,Jason Campbell,QB,12,194,39.5,2387,13,8,111,39.5,12.3,183.6,84.5
2010,LVR,Bruce Gradkowski,QB,4,83,41.3,1059,5,7,51,41.3,12.8,176.5,66.3
2010,LVR,Kyle Boller,QB,0,2,20.0,25,0,1,1,20.0,12.5,5.0,30.2
2010,MIA,Chad Henne,QB,14,301,45.6,3301,15,19,167,45.6,11.0,220.1,75.4
2010,MIA,Tyler Thigpen,QB,1,33,38.6,435,2,2,18,38.6,13.2,87.0,73.0
2010,MIA,Chad Pennington,QB,1,1,50.0,19,0,0,1,50.0,19.0,19.0,83.3
2010,MIN,Brett Favre,QB,13,217,43.4,2509,11,19,112,43.4,11.6,193.0,69.9
2010,MIN,Joe Webb,QB,2,54,42.3,477,0,3,26,42.3,8.8,95.4,60.9
2010,MIN,Tarvaris Jackson,QB,1,34,40.6,341,3,4,17,40.6,10.0,113.7,63.9
2010,NOR,Drew Brees,QB,16,448,51.2,4620,33,22,238,51.2,10.3,288.8,90.9
2010,NOR,Chase Daniel,QB,0,2,50.0,16,0,0,0,50.0,8.0,1.2,79.9
2010,NWE,Tom Brady,QB,16,324,50.1,3900,36,4,189,50.1,12.0,243.8,111.0
2010,NWE,Brian Hoyer,QB,0,7,46.7,122,1,1,7,46.7,17.4,24.4,69.3
2010,NYG,Eli Manning,QB,16,339,47.9,4002,31,25,169,47.9,11.8,250.1,85.3
2010,NYJ,Mark Sanchez,QB,16,278,41.4,3291,17,13,162,41.4,11.8,205.7,75.3
2010,NYJ,Mark Brunell,QB,0,7,50.0,117,2,1,7,50.0,16.7,58.5,92.0
2010,NYJ,Brad Smith,WR,2,2,33.3,6,1,0,1,33.3,3.0,0.4,109.7
2010,NYJ,Kellen Clemens,QB,0,1,50.0,6,0,0,1,50.0,6.0,6.0,56.2
2010,PHI,Michael Vick,QB,12,233,47.0,3018,21,6,119,47.0,13.0,251.5,100.2
2010,PHI,Kevin Kolb,QB,5,115,40.2,1197,7,7,58,40.2,10.4,171.0,76.1
2010,PIT,Ben Roethlisberger,QB,12,240,46.8,3200,17,5,149,46.8,13.3,266.7,97.0
2010,PIT,Charlie Batch,QB,2,29,39.6,352,3,3,13,39.6,12.1,117.3,76.2
2010,PIT,Dennis Dixon,QB,2,22,43.2,254,0,1,8,43.2,11.5,127.0,79.4
2010,PIT,Byron Leftwich,QB,0,5,55.6,42,0,0,4,55.6,8.4,42.0,86.6
2010,PIT,Antwaan Randle El,WR,0,2,100.0,42,2,0,2,100.0,21.0,2.6,158.3
2010,SEA,Matt Hasselbeck,QB,14,266,44.6,3001,12,17,137,44.6,11.3,214.4,73.2
2010,SEA,Charlie Whitehurst,QB,2,57,34.6,507,2,3,22,34.6,8.9,84.5,65.5
2010,SEA,Michael Robinson,WR,4,1,100.0,28,0,0,1,100.0,28.0,2.5,118.7
2010,SFO,Alex Smith,QB,10,204,40.1,2370,14,10,102,40.1,11.6,215.5,82.1
2010,SFO,Troy Smith,QB,6,73,39.3,1176,5,4,43,39.3,16.1,196.0,77.8
2010,SFO,David Carr,QB,0,5,28.6,67,0,1,2,28.6,13.4,67.0,23.6
2010,TAM,Josh Freeman,QB,16,291,44.4,3451,25,6,167,44.4,11.9,215.7,95.9
2010,TAM,Josh Johnson,QB,0,14,33.3,111,0,0,5,33.3,7.9,10.1,95.6
2010,TAM,Earnest Graham,RB,7,1,100.0,2,1,0,1,100.0,2.0,0.2,118.7
2010,TEN,Kerry Collins,QB,7,160,43.6,1823,14,8,90,43.6,11.4,182.3,82.2
2010,TEN,Vince Young,QB,8,93,42.0,1255,10,3,58,42.0,13.5,139.4,98.6
2010,TEN,Rusty Smith,QB,1,20,24.4,200,0,4,7,24.4,10.0,100.0,25.0
2010,WAS,Donovan McNabb,QB,13,275,42.0,3377,14,15,152,42.0,12.3,259.8,77.1
2010,WAS,Rex Grossman,QB,3,74,43.7,884,7,4,42,43.7,11.9,221.0,81.2
